# xval	 xerr-	 xerr+	 yval	 yerr-	 yerr+
1.406250e+01	1.006940e+00	1.006940e+00	5.220480e-04	0.000000e+00	0.000000e+00
1.607639e+01	1.006945e+00	1.006945e+00	4.807738e-04	0.000000e+00	0.000000e+00
1.809027e+01	1.006945e+00	1.006945e+00	3.990041e-04	0.000000e+00	0.000000e+00
2.010417e+01	1.006945e+00	1.006945e+00	2.709561e-04	0.000000e+00	0.000000e+00
2.211805e+01	1.006945e+00	1.006945e+00	1.878362e-04	0.000000e+00	0.000000e+00
2.413195e+01	1.006945e+00	1.006945e+00	2.145376e-04	0.000000e+00	0.000000e+00
2.614583e+01	1.006945e+00	1.006945e+00	2.762983e-04	0.000000e+00	0.000000e+00
2.815973e+01	1.006945e+00	1.006945e+00	3.448940e-04	0.000000e+00	0.000000e+00
3.017361e+01	1.006945e+00	1.006945e+00	4.180846e-04	0.000000e+00	0.000000e+00
3.218750e+01	1.006940e+00	1.006940e+00	5.144625e-04	0.000000e+00	0.000000e+00
3.420139e+01	1.006945e+00	1.006945e+00	6.320391e-04	0.000000e+00	0.000000e+00
3.621527e+01	1.006945e+00	1.006945e+00	7.168070e-04	0.000000e+00	0.000000e+00
3.822916e+01	1.006945e+00	1.006945e+00	8.605801e-04	0.000000e+00	0.000000e+00
4.024305e+01	1.006945e+00	1.006945e+00	1.003066e-03	0.000000e+00	0.000000e+00
4.225695e+01	1.006945e+00	1.006945e+00	1.163220e-03	0.000000e+00	0.000000e+00
4.427084e+01	1.006945e+00	1.006945e+00	1.327028e-03	0.000000e+00	0.000000e+00
4.628473e+01	1.006945e+00	1.006945e+00	1.545606e-03	0.000000e+00	0.000000e+00
4.829861e+01	1.006945e+00	1.006945e+00	1.717603e-03	0.000000e+00	0.000000e+00
5.031250e+01	1.006940e+00	1.006940e+00	1.833508e-03	0.000000e+00	0.000000e+00
5.232639e+01	1.006945e+00	1.006945e+00	2.127869e-03	0.000000e+00	0.000000e+00
5.434027e+01	1.006945e+00	1.006945e+00	2.320789e-03	0.000000e+00	0.000000e+00
5.635416e+01	1.006945e+00	1.006945e+00	2.712936e-03	0.000000e+00	0.000000e+00
5.836805e+01	1.006945e+00	1.006945e+00	2.922006e-03	0.000000e+00	0.000000e+00
6.038195e+01	1.006945e+00	1.006945e+00	3.138999e-03	0.000000e+00	0.000000e+00
6.239584e+01	1.006945e+00	1.006945e+00	3.390400e-03	0.000000e+00	0.000000e+00
6.440972e+01	1.006945e+00	1.006945e+00	4.008121e-03	0.000000e+00	0.000000e+00
6.642361e+01	1.006945e+00	1.006945e+00	3.852896e-03	0.000000e+00	0.000000e+00
6.843750e+01	1.006940e+00	1.006940e+00	4.420646e-03	0.000000e+00	0.000000e+00
7.045139e+01	1.006945e+00	1.006945e+00	4.601095e-03	0.000000e+00	0.000000e+00
7.246527e+01	1.006945e+00	1.006945e+00	5.248433e-03	0.000000e+00	0.000000e+00
7.447916e+01	1.006945e+00	1.006945e+00	5.584079e-03	0.000000e+00	0.000000e+00
7.649305e+01	1.006945e+00	1.006945e+00	5.471872e-03	0.000000e+00	0.000000e+00
7.850695e+01	1.006945e+00	1.006945e+00	6.198415e-03	0.000000e+00	0.000000e+00
8.052084e+01	1.006945e+00	1.006945e+00	6.212093e-03	0.000000e+00	0.000000e+00
8.253473e+01	1.006945e+00	1.006945e+00	7.382015e-03	0.000000e+00	0.000000e+00
8.454861e+01	1.006945e+00	1.006945e+00	7.285108e-03	0.000000e+00	0.000000e+00
8.656250e+01	1.006940e+00	1.006940e+00	7.597261e-03	0.000000e+00	0.000000e+00
8.857639e+01	1.006945e+00	1.006945e+00	8.384302e-03	0.000000e+00	0.000000e+00
9.059027e+01	1.006945e+00	1.006945e+00	8.544719e-03	0.000000e+00	0.000000e+00
9.260416e+01	1.006945e+00	1.006945e+00	8.310498e-03	0.000000e+00	0.000000e+00
9.461805e+01	1.006945e+00	1.006945e+00	9.186053e-03	0.000000e+00	0.000000e+00
9.663195e+01	1.006945e+00	1.006945e+00	9.617063e-03	0.000000e+00	0.000000e+00
9.864584e+01	1.006945e+00	1.006945e+00	9.795645e-03	0.000000e+00	0.000000e+00
1.006597e+02	1.006960e+00	1.006960e+00	1.026887e-02	0.000000e+00	0.000000e+00
1.026737e+02	1.006950e+00	1.006950e+00	9.834909e-03	0.000000e+00	0.000000e+00
1.046875e+02	1.006900e+00	1.006900e+00	1.133094e-02	0.000000e+00	0.000000e+00
1.067013e+02	1.006950e+00	1.006950e+00	1.115693e-02	0.000000e+00	0.000000e+00
1.087152e+02	1.006950e+00	1.006950e+00	1.131040e-02	0.000000e+00	0.000000e+00
1.107292e+02	1.006950e+00	1.006950e+00	1.184073e-02	0.000000e+00	0.000000e+00
1.127430e+02	1.006950e+00	1.006950e+00	1.353880e-02	0.000000e+00	0.000000e+00
1.147570e+02	1.006950e+00	1.006950e+00	1.144994e-02	0.000000e+00	0.000000e+00
1.167708e+02	1.006950e+00	1.006950e+00	1.428654e-02	0.000000e+00	0.000000e+00
1.187848e+02	1.006950e+00	1.006950e+00	1.155876e-02	0.000000e+00	0.000000e+00
1.207987e+02	1.006950e+00	1.006950e+00	1.268273e-02	0.000000e+00	0.000000e+00
1.228125e+02	1.006900e+00	1.006900e+00	1.550313e-02	0.000000e+00	0.000000e+00
1.248263e+02	1.006950e+00	1.006950e+00	1.515987e-02	0.000000e+00	0.000000e+00
1.268402e+02	1.006950e+00	1.006950e+00	1.421770e-02	0.000000e+00	0.000000e+00
1.288542e+02	1.006950e+00	1.006950e+00	1.577729e-02	0.000000e+00	0.000000e+00
1.308680e+02	1.006950e+00	1.006950e+00	1.662101e-02	0.000000e+00	0.000000e+00
1.328820e+02	1.006950e+00	1.006950e+00	1.566170e-02	0.000000e+00	0.000000e+00
1.348958e+02	1.006950e+00	1.006950e+00	1.613444e-02	0.000000e+00	0.000000e+00
1.369098e+02	1.006950e+00	1.006950e+00	1.805771e-02	0.000000e+00	0.000000e+00
1.389237e+02	1.006950e+00	1.006950e+00	1.602384e-02	0.000000e+00	0.000000e+00
1.409375e+02	1.006900e+00	1.006900e+00	1.740540e-02	0.000000e+00	0.000000e+00
1.429513e+02	1.006950e+00	1.006950e+00	1.661697e-02	0.000000e+00	0.000000e+00
1.449652e+02	1.006950e+00	1.006950e+00	1.823162e-02	0.000000e+00	0.000000e+00
1.469792e+02	1.006950e+00	1.006950e+00	1.849653e-02	0.000000e+00	0.000000e+00
1.489930e+02	1.006950e+00	1.006950e+00	1.982465e-02	0.000000e+00	0.000000e+00
