# xval	 xerr-	 xerr+	 yval	 yerr-	 yerr+
1.406250e+01	1.006940e+00	1.006940e+00	9.571568e-04	0.000000e+00	0.000000e+00
1.607639e+01	1.006945e+00	1.006945e+00	8.729476e-04	0.000000e+00	0.000000e+00
1.809027e+01	1.006945e+00	1.006945e+00	6.006224e-04	0.000000e+00	0.000000e+00
2.010417e+01	1.006945e+00	1.006945e+00	7.349385e-04	0.000000e+00	0.000000e+00
2.211805e+01	1.006945e+00	1.006945e+00	8.684715e-04	0.000000e+00	0.000000e+00
2.413195e+01	1.006945e+00	1.006945e+00	1.001599e-03	0.000000e+00	0.000000e+00
2.614583e+01	1.006945e+00	1.006945e+00	1.148648e-03	0.000000e+00	0.000000e+00
2.815973e+01	1.006945e+00	1.006945e+00	1.280306e-03	0.000000e+00	0.000000e+00
3.017361e+01	1.006945e+00	1.006945e+00	1.400916e-03	0.000000e+00	0.000000e+00
3.218750e+01	1.006940e+00	1.006940e+00	1.569780e-03	0.000000e+00	0.000000e+00
3.420139e+01	1.006945e+00	1.006945e+00	1.669405e-03	0.000000e+00	0.000000e+00
3.621527e+01	1.006945e+00	1.006945e+00	1.880732e-03	0.000000e+00	0.000000e+00
3.822916e+01	1.006945e+00	1.006945e+00	1.963507e-03	0.000000e+00	0.000000e+00
4.024305e+01	1.006945e+00	1.006945e+00	2.163708e-03	0.000000e+00	0.000000e+00
4.225695e+01	1.006945e+00	1.006945e+00	2.268310e-03	0.000000e+00	0.000000e+00
4.427084e+01	1.006945e+00	1.006945e+00	2.341262e-03	0.000000e+00	0.000000e+00
4.628473e+01	1.006945e+00	1.006945e+00	2.584013e-03	0.000000e+00	0.000000e+00
4.829861e+01	1.006945e+00	1.006945e+00	2.808274e-03	0.000000e+00	0.000000e+00
5.031250e+01	1.006940e+00	1.006940e+00	2.740302e-03	0.000000e+00	0.000000e+00
5.232639e+01	1.006945e+00	1.006945e+00	2.976095e-03	0.000000e+00	0.000000e+00
5.434027e+01	1.006945e+00	1.006945e+00	3.190308e-03	0.000000e+00	0.000000e+00
5.635416e+01	1.006945e+00	1.006945e+00	3.264261e-03	0.000000e+00	0.000000e+00
5.836805e+01	1.006945e+00	1.006945e+00	3.283577e-03	0.000000e+00	0.000000e+00
6.038195e+01	1.006945e+00	1.006945e+00	3.176913e-03	0.000000e+00	0.000000e+00
6.239584e+01	1.006945e+00	1.006945e+00	3.648351e-03	0.000000e+00	0.000000e+00
6.440972e+01	1.006945e+00	1.006945e+00	3.694245e-03	0.000000e+00	0.000000e+00
6.642361e+01	1.006945e+00	1.006945e+00	3.575938e-03	0.000000e+00	0.000000e+00
6.843750e+01	1.006940e+00	1.006940e+00	4.150314e-03	0.000000e+00	0.000000e+00
7.045139e+01	1.006945e+00	1.006945e+00	3.875364e-03	0.000000e+00	0.000000e+00
7.246527e+01	1.006945e+00	1.006945e+00	4.265421e-03	0.000000e+00	0.000000e+00
7.447916e+01	1.006945e+00	1.006945e+00	4.445275e-03	0.000000e+00	0.000000e+00
7.649305e+01	1.006945e+00	1.006945e+00	4.159987e-03	0.000000e+00	0.000000e+00
7.850695e+01	1.006945e+00	1.006945e+00	4.690838e-03	0.000000e+00	0.000000e+00
8.052084e+01	1.006945e+00	1.006945e+00	4.524472e-03	0.000000e+00	0.000000e+00
8.253473e+01	1.006945e+00	1.006945e+00	4.842809e-03	0.000000e+00	0.000000e+00
8.454861e+01	1.006945e+00	1.006945e+00	4.909085e-03	0.000000e+00	0.000000e+00
8.656250e+01	1.006940e+00	1.006940e+00	5.386575e-03	0.000000e+00	0.000000e+00
8.857639e+01	1.006945e+00	1.006945e+00	5.332968e-03	0.000000e+00	0.000000e+00
9.059027e+01	1.006945e+00	1.006945e+00	4.760505e-03	0.000000e+00	0.000000e+00
9.260416e+01	1.006945e+00	1.006945e+00	5.194211e-03	0.000000e+00	0.000000e+00
9.461805e+01	1.006945e+00	1.006945e+00	5.927279e-03	0.000000e+00	0.000000e+00
9.663195e+01	1.006945e+00	1.006945e+00	5.681326e-03	0.000000e+00	0.000000e+00
9.864584e+01	1.006945e+00	1.006945e+00	5.963367e-03	0.000000e+00	0.000000e+00
1.006597e+02	1.006960e+00	1.006960e+00	5.596144e-03	0.000000e+00	0.000000e+00
1.026737e+02	1.006950e+00	1.006950e+00	5.610992e-03	0.000000e+00	0.000000e+00
1.046875e+02	1.006900e+00	1.006900e+00	6.293087e-03	0.000000e+00	0.000000e+00
1.067013e+02	1.006950e+00	1.006950e+00	6.531154e-03	0.000000e+00	0.000000e+00
1.087152e+02	1.006950e+00	1.006950e+00	7.039469e-03	0.000000e+00	0.000000e+00
1.107292e+02	1.006950e+00	1.006950e+00	6.841887e-03	0.000000e+00	0.000000e+00
1.127430e+02	1.006950e+00	1.006950e+00	6.389689e-03	0.000000e+00	0.000000e+00
1.147570e+02	1.006950e+00	1.006950e+00	6.189218e-03	0.000000e+00	0.000000e+00
1.167708e+02	1.006950e+00	1.006950e+00	7.673747e-03	0.000000e+00	0.000000e+00
1.187848e+02	1.006950e+00	1.006950e+00	7.419402e-03	0.000000e+00	0.000000e+00
1.207987e+02	1.006950e+00	1.006950e+00	8.811829e-03	0.000000e+00	0.000000e+00
1.228125e+02	1.006900e+00	1.006900e+00	7.732363e-03	0.000000e+00	0.000000e+00
1.248263e+02	1.006950e+00	1.006950e+00	8.667205e-03	0.000000e+00	0.000000e+00
1.268402e+02	1.006950e+00	1.006950e+00	8.288422e-03	0.000000e+00	0.000000e+00
1.288542e+02	1.006950e+00	1.006950e+00	7.883606e-03	0.000000e+00	0.000000e+00
1.308680e+02	1.006950e+00	1.006950e+00	8.196768e-03	0.000000e+00	0.000000e+00
1.328820e+02	1.006950e+00	1.006950e+00	1.049330e-02	0.000000e+00	0.000000e+00
1.348958e+02	1.006950e+00	1.006950e+00	9.672956e-03	0.000000e+00	0.000000e+00
1.369098e+02	1.006950e+00	1.006950e+00	1.085292e-02	0.000000e+00	0.000000e+00
1.389237e+02	1.006950e+00	1.006950e+00	9.462863e-03	0.000000e+00	0.000000e+00
1.409375e+02	1.006900e+00	1.006900e+00	9.111745e-03	0.000000e+00	0.000000e+00
1.429513e+02	1.006950e+00	1.006950e+00	1.104777e-02	0.000000e+00	0.000000e+00
1.449652e+02	1.006950e+00	1.006950e+00	1.095900e-02	0.000000e+00	0.000000e+00
1.469792e+02	1.006950e+00	1.006950e+00	1.092042e-02	0.000000e+00	0.000000e+00
1.489930e+02	1.006950e+00	1.006950e+00	1.241779e-02	0.000000e+00	0.000000e+00
