# xval	 xerr-	 xerr+	 yval	 yerr-	 yerr+
1.406250e+01	1.006940e+00	1.006940e+00	-1.199328e-04	0.000000e+00	0.000000e+00
1.607639e+01	1.006945e+00	1.006945e+00	-1.307191e-05	0.000000e+00	0.000000e+00
1.809027e+01	1.006945e+00	1.006945e+00	8.811743e-05	0.000000e+00	0.000000e+00
2.010417e+01	1.006945e+00	1.006945e+00	-5.766763e-07	0.000000e+00	0.000000e+00
2.211805e+01	1.006945e+00	1.006945e+00	-4.938760e-05	0.000000e+00	0.000000e+00
2.413195e+01	1.006945e+00	1.006945e+00	-5.265700e-05	0.000000e+00	0.000000e+00
2.614583e+01	1.006945e+00	1.006945e+00	-1.666600e-05	0.000000e+00	0.000000e+00
2.815973e+01	1.006945e+00	1.006945e+00	6.603502e-05	0.000000e+00	0.000000e+00
3.017361e+01	1.006945e+00	1.006945e+00	1.859167e-04	0.000000e+00	0.000000e+00
3.218750e+01	1.006940e+00	1.006940e+00	3.243988e-04	0.000000e+00	0.000000e+00
3.420139e+01	1.006945e+00	1.006945e+00	5.672568e-04	0.000000e+00	0.000000e+00
3.621527e+01	1.006945e+00	1.006945e+00	8.317893e-04	0.000000e+00	0.000000e+00
3.822916e+01	1.006945e+00	1.006945e+00	1.158943e-03	0.000000e+00	0.000000e+00
4.024305e+01	1.006945e+00	1.006945e+00	1.490807e-03	0.000000e+00	0.000000e+00
4.225695e+01	1.006945e+00	1.006945e+00	1.780883e-03	0.000000e+00	0.000000e+00
4.427084e+01	1.006945e+00	1.006945e+00	2.199348e-03	0.000000e+00	0.000000e+00
4.628473e+01	1.006945e+00	1.006945e+00	2.600567e-03	0.000000e+00	0.000000e+00
4.829861e+01	1.006945e+00	1.006945e+00	2.906438e-03	0.000000e+00	0.000000e+00
5.031250e+01	1.006940e+00	1.006940e+00	3.311773e-03	0.000000e+00	0.000000e+00
5.232639e+01	1.006945e+00	1.006945e+00	4.226554e-03	0.000000e+00	0.000000e+00
5.434027e+01	1.006945e+00	1.006945e+00	4.784293e-03	0.000000e+00	0.000000e+00
5.635416e+01	1.006945e+00	1.006945e+00	4.903338e-03	0.000000e+00	0.000000e+00
5.836805e+01	1.006945e+00	1.006945e+00	5.935098e-03	0.000000e+00	0.000000e+00
6.038195e+01	1.006945e+00	1.006945e+00	5.787936e-03	0.000000e+00	0.000000e+00
6.239584e+01	1.006945e+00	1.006945e+00	7.378228e-03	0.000000e+00	0.000000e+00
6.440972e+01	1.006945e+00	1.006945e+00	7.408197e-03	0.000000e+00	0.000000e+00
6.642361e+01	1.006945e+00	1.006945e+00	8.976989e-03	0.000000e+00	0.000000e+00
6.843750e+01	1.006940e+00	1.006940e+00	8.817301e-03	0.000000e+00	0.000000e+00
7.045139e+01	1.006945e+00	1.006945e+00	9.250862e-03	0.000000e+00	0.000000e+00
7.246527e+01	1.006945e+00	1.006945e+00	9.983277e-03	0.000000e+00	0.000000e+00
7.447916e+01	1.006945e+00	1.006945e+00	1.133247e-02	0.000000e+00	0.000000e+00
7.649305e+01	1.006945e+00	1.006945e+00	1.085652e-02	0.000000e+00	0.000000e+00
7.850695e+01	1.006945e+00	1.006945e+00	1.203464e-02	0.000000e+00	0.000000e+00
8.052084e+01	1.006945e+00	1.006945e+00	1.304793e-02	0.000000e+00	0.000000e+00
8.253473e+01	1.006945e+00	1.006945e+00	1.356827e-02	0.000000e+00	0.000000e+00
8.454861e+01	1.006945e+00	1.006945e+00	1.396264e-02	0.000000e+00	0.000000e+00
8.656250e+01	1.006940e+00	1.006940e+00	1.500897e-02	0.000000e+00	0.000000e+00
8.857639e+01	1.006945e+00	1.006945e+00	1.418369e-02	0.000000e+00	0.000000e+00
9.059027e+01	1.006945e+00	1.006945e+00	1.584461e-02	0.000000e+00	0.000000e+00
9.260416e+01	1.006945e+00	1.006945e+00	1.820967e-02	0.000000e+00	0.000000e+00
9.461805e+01	1.006945e+00	1.006945e+00	1.558845e-02	0.000000e+00	0.000000e+00
9.663195e+01	1.006945e+00	1.006945e+00	2.134499e-02	0.000000e+00	0.000000e+00
9.864584e+01	1.006945e+00	1.006945e+00	1.778200e-02	0.000000e+00	0.000000e+00
1.006597e+02	1.006960e+00	1.006960e+00	1.969518e-02	0.000000e+00	0.000000e+00
1.026737e+02	1.006950e+00	1.006950e+00	1.951489e-02	0.000000e+00	0.000000e+00
1.046875e+02	1.006900e+00	1.006900e+00	1.734967e-02	0.000000e+00	0.000000e+00
1.067013e+02	1.006950e+00	1.006950e+00	2.363599e-02	0.000000e+00	0.000000e+00
1.087152e+02	1.006950e+00	1.006950e+00	2.200065e-02	0.000000e+00	0.000000e+00
1.107292e+02	1.006950e+00	1.006950e+00	2.356975e-02	0.000000e+00	0.000000e+00
1.127430e+02	1.006950e+00	1.006950e+00	2.306800e-02	0.000000e+00	0.000000e+00
1.147570e+02	1.006950e+00	1.006950e+00	2.502508e-02	0.000000e+00	0.000000e+00
1.167708e+02	1.006950e+00	1.006950e+00	2.434286e-02	0.000000e+00	0.000000e+00
1.187848e+02	1.006950e+00	1.006950e+00	2.501017e-02	0.000000e+00	0.000000e+00
1.207987e+02	1.006950e+00	1.006950e+00	3.187659e-02	0.000000e+00	0.000000e+00
1.228125e+02	1.006900e+00	1.006900e+00	2.196006e-02	0.000000e+00	0.000000e+00
1.248263e+02	1.006950e+00	1.006950e+00	2.385339e-02	0.000000e+00	0.000000e+00
1.268402e+02	1.006950e+00	1.006950e+00	2.771655e-02	0.000000e+00	0.000000e+00
1.288542e+02	1.006950e+00	1.006950e+00	2.882971e-02	0.000000e+00	0.000000e+00
1.308680e+02	1.006950e+00	1.006950e+00	2.707629e-02	0.000000e+00	0.000000e+00
1.328820e+02	1.006950e+00	1.006950e+00	2.481307e-02	0.000000e+00	0.000000e+00
1.348958e+02	1.006950e+00	1.006950e+00	3.002352e-02	0.000000e+00	0.000000e+00
1.369098e+02	1.006950e+00	1.006950e+00	3.357718e-02	0.000000e+00	0.000000e+00
1.389237e+02	1.006950e+00	1.006950e+00	3.223865e-02	0.000000e+00	0.000000e+00
1.409375e+02	1.006900e+00	1.006900e+00	2.918521e-02	0.000000e+00	0.000000e+00
1.429513e+02	1.006950e+00	1.006950e+00	3.535889e-02	0.000000e+00	0.000000e+00
1.449652e+02	1.006950e+00	1.006950e+00	3.155394e-02	0.000000e+00	0.000000e+00
1.469792e+02	1.006950e+00	1.006950e+00	3.352287e-02	0.000000e+00	0.000000e+00
1.489930e+02	1.006950e+00	1.006950e+00	3.688128e-02	0.000000e+00	0.000000e+00
