# xval	 xerr-	 xerr+	 yval	 yerr-	 yerr+
1.406250e+01	1.006940e+00	1.006940e+00	4.389109e-04	0.000000e+00	0.000000e+00
1.607639e+01	1.006945e+00	1.006945e+00	4.245126e-04	0.000000e+00	0.000000e+00
1.809027e+01	1.006945e+00	1.006945e+00	3.704798e-04	0.000000e+00	0.000000e+00
2.010417e+01	1.006945e+00	1.006945e+00	2.683326e-04	0.000000e+00	0.000000e+00
2.211805e+01	1.006945e+00	1.006945e+00	2.103893e-04	0.000000e+00	0.000000e+00
2.413195e+01	1.006945e+00	1.006945e+00	2.818335e-04	0.000000e+00	0.000000e+00
2.614583e+01	1.006945e+00	1.006945e+00	3.939728e-04	0.000000e+00	0.000000e+00
2.815973e+01	1.006945e+00	1.006945e+00	4.960077e-04	0.000000e+00	0.000000e+00
3.017361e+01	1.006945e+00	1.006945e+00	6.574572e-04	0.000000e+00	0.000000e+00
3.218750e+01	1.006940e+00	1.006940e+00	7.890708e-04	0.000000e+00	0.000000e+00
3.420139e+01	1.006945e+00	1.006945e+00	9.543178e-04	0.000000e+00	0.000000e+00
3.621527e+01	1.006945e+00	1.006945e+00	1.115862e-03	0.000000e+00	0.000000e+00
3.822916e+01	1.006945e+00	1.006945e+00	1.244697e-03	0.000000e+00	0.000000e+00
4.024305e+01	1.006945e+00	1.006945e+00	1.450338e-03	0.000000e+00	0.000000e+00
4.225695e+01	1.006945e+00	1.006945e+00	1.557466e-03	0.000000e+00	0.000000e+00
4.427084e+01	1.006945e+00	1.006945e+00	1.804698e-03	0.000000e+00	0.000000e+00
4.628473e+01	1.006945e+00	1.006945e+00	1.933834e-03	0.000000e+00	0.000000e+00
4.829861e+01	1.006945e+00	1.006945e+00	2.119577e-03	0.000000e+00	0.000000e+00
5.031250e+01	1.006940e+00	1.006940e+00	2.136191e-03	0.000000e+00	0.000000e+00
5.232639e+01	1.006945e+00	1.006945e+00	2.478807e-03	0.000000e+00	0.000000e+00
5.434027e+01	1.006945e+00	1.006945e+00	2.568932e-03	0.000000e+00	0.000000e+00
5.635416e+01	1.006945e+00	1.006945e+00	2.798205e-03	0.000000e+00	0.000000e+00
5.836805e+01	1.006945e+00	1.006945e+00	2.868049e-03	0.000000e+00	0.000000e+00
6.038195e+01	1.006945e+00	1.006945e+00	3.315308e-03	0.000000e+00	0.000000e+00
6.239584e+01	1.006945e+00	1.006945e+00	3.354715e-03	0.000000e+00	0.000000e+00
6.440972e+01	1.006945e+00	1.006945e+00	3.505553e-03	0.000000e+00	0.000000e+00
6.642361e+01	1.006945e+00	1.006945e+00	3.689975e-03	0.000000e+00	0.000000e+00
6.843750e+01	1.006940e+00	1.006940e+00	3.846169e-03	0.000000e+00	0.000000e+00
7.045139e+01	1.006945e+00	1.006945e+00	3.986797e-03	0.000000e+00	0.000000e+00
7.246527e+01	1.006945e+00	1.006945e+00	4.311240e-03	0.000000e+00	0.000000e+00
7.447916e+01	1.006945e+00	1.006945e+00	4.313931e-03	0.000000e+00	0.000000e+00
7.649305e+01	1.006945e+00	1.006945e+00	4.457200e-03	0.000000e+00	0.000000e+00
7.850695e+01	1.006945e+00	1.006945e+00	4.916509e-03	0.000000e+00	0.000000e+00
8.052084e+01	1.006945e+00	1.006945e+00	4.571701e-03	0.000000e+00	0.000000e+00
8.253473e+01	1.006945e+00	1.006945e+00	4.825410e-03	0.000000e+00	0.000000e+00
8.454861e+01	1.006945e+00	1.006945e+00	5.232572e-03	0.000000e+00	0.000000e+00
8.656250e+01	1.006940e+00	1.006940e+00	5.169394e-03	0.000000e+00	0.000000e+00
8.857639e+01	1.006945e+00	1.006945e+00	5.432507e-03	0.000000e+00	0.000000e+00
9.059027e+01	1.006945e+00	1.006945e+00	5.556479e-03	0.000000e+00	0.000000e+00
9.260416e+01	1.006945e+00	1.006945e+00	5.379769e-03	0.000000e+00	0.000000e+00
9.461805e+01	1.006945e+00	1.006945e+00	5.700576e-03	0.000000e+00	0.000000e+00
9.663195e+01	1.006945e+00	1.006945e+00	5.557429e-03	0.000000e+00	0.000000e+00
9.864584e+01	1.006945e+00	1.006945e+00	5.628386e-03	0.000000e+00	0.000000e+00
1.006597e+02	1.006960e+00	1.006960e+00	6.273276e-03	0.000000e+00	0.000000e+00
1.026737e+02	1.006950e+00	1.006950e+00	5.358724e-03	0.000000e+00	0.000000e+00
1.046875e+02	1.006900e+00	1.006900e+00	6.114113e-03	0.000000e+00	0.000000e+00
1.067013e+02	1.006950e+00	1.006950e+00	6.124765e-03	0.000000e+00	0.000000e+00
1.087152e+02	1.006950e+00	1.006950e+00	6.385484e-03	0.000000e+00	0.000000e+00
1.107292e+02	1.006950e+00	1.006950e+00	6.170078e-03	0.000000e+00	0.000000e+00
1.127430e+02	1.006950e+00	1.006950e+00	6.131058e-03	0.000000e+00	0.000000e+00
1.147570e+02	1.006950e+00	1.006950e+00	6.490354e-03	0.000000e+00	0.000000e+00
1.167708e+02	1.006950e+00	1.006950e+00	6.468299e-03	0.000000e+00	0.000000e+00
1.187848e+02	1.006950e+00	1.006950e+00	6.214915e-03	0.000000e+00	0.000000e+00
1.207987e+02	1.006950e+00	1.006950e+00	6.118611e-03	0.000000e+00	0.000000e+00
1.228125e+02	1.006900e+00	1.006900e+00	6.859253e-03	0.000000e+00	0.000000e+00
1.248263e+02	1.006950e+00	1.006950e+00	7.716589e-03	0.000000e+00	0.000000e+00
1.268402e+02	1.006950e+00	1.006950e+00	6.366403e-03	0.000000e+00	0.000000e+00
1.288542e+02	1.006950e+00	1.006950e+00	6.433241e-03	0.000000e+00	0.000000e+00
1.308680e+02	1.006950e+00	1.006950e+00	6.562715e-03	0.000000e+00	0.000000e+00
1.328820e+02	1.006950e+00	1.006950e+00	7.543081e-03	0.000000e+00	0.000000e+00
1.348958e+02	1.006950e+00	1.006950e+00	7.496180e-03	0.000000e+00	0.000000e+00
1.369098e+02	1.006950e+00	1.006950e+00	7.125015e-03	0.000000e+00	0.000000e+00
1.389237e+02	1.006950e+00	1.006950e+00	7.088766e-03	0.000000e+00	0.000000e+00
1.409375e+02	1.006900e+00	1.006900e+00	6.451657e-03	0.000000e+00	0.000000e+00
1.429513e+02	1.006950e+00	1.006950e+00	6.864584e-03	0.000000e+00	0.000000e+00
1.449652e+02	1.006950e+00	1.006950e+00	7.070057e-03	0.000000e+00	0.000000e+00
1.469792e+02	1.006950e+00	1.006950e+00	7.707707e-03	0.000000e+00	0.000000e+00
1.489930e+02	1.006950e+00	1.006950e+00	7.573268e-03	0.000000e+00	0.000000e+00
