# xval	 xerr-	 xerr+	 yval	 yerr-	 yerr+
1.406250e+01	1.006940e+00	1.006940e+00	2.224231e-04	0.000000e+00	0.000000e+00
1.607639e+01	1.006945e+00	1.006945e+00	1.557975e-04	0.000000e+00	0.000000e+00
1.809027e+01	1.006945e+00	1.006945e+00	-5.562089e-05	0.000000e+00	0.000000e+00
2.010417e+01	1.006945e+00	1.006945e+00	-7.044542e-05	0.000000e+00	0.000000e+00
2.211805e+01	1.006945e+00	1.006945e+00	-8.129708e-05	0.000000e+00	0.000000e+00
2.413195e+01	1.006945e+00	1.006945e+00	-7.340934e-05	0.000000e+00	0.000000e+00
2.614583e+01	1.006945e+00	1.006945e+00	-5.997431e-05	0.000000e+00	0.000000e+00
2.815973e+01	1.006945e+00	1.006945e+00	-3.669221e-05	0.000000e+00	0.000000e+00
3.017361e+01	1.006945e+00	1.006945e+00	2.635013e-05	0.000000e+00	0.000000e+00
3.218750e+01	1.006940e+00	1.006940e+00	7.295903e-05	0.000000e+00	0.000000e+00
3.420139e+01	1.006945e+00	1.006945e+00	1.629587e-04	0.000000e+00	0.000000e+00
3.621527e+01	1.006945e+00	1.006945e+00	2.928231e-04	0.000000e+00	0.000000e+00
3.822916e+01	1.006945e+00	1.006945e+00	3.804384e-04	0.000000e+00	0.000000e+00
4.024305e+01	1.006945e+00	1.006945e+00	5.872079e-04	0.000000e+00	0.000000e+00
4.225695e+01	1.006945e+00	1.006945e+00	7.093584e-04	0.000000e+00	0.000000e+00
4.427084e+01	1.006945e+00	1.006945e+00	1.028986e-03	0.000000e+00	0.000000e+00
4.628473e+01	1.006945e+00	1.006945e+00	1.115368e-03	0.000000e+00	0.000000e+00
4.829861e+01	1.006945e+00	1.006945e+00	1.440432e-03	0.000000e+00	0.000000e+00
5.031250e+01	1.006940e+00	1.006940e+00	1.640050e-03	0.000000e+00	0.000000e+00
5.232639e+01	1.006945e+00	1.006945e+00	2.080446e-03	0.000000e+00	0.000000e+00
5.434027e+01	1.006945e+00	1.006945e+00	2.167438e-03	0.000000e+00	0.000000e+00
5.635416e+01	1.006945e+00	1.006945e+00	2.711624e-03	0.000000e+00	0.000000e+00
5.836805e+01	1.006945e+00	1.006945e+00	2.999926e-03	0.000000e+00	0.000000e+00
6.038195e+01	1.006945e+00	1.006945e+00	3.283284e-03	0.000000e+00	0.000000e+00
6.239584e+01	1.006945e+00	1.006945e+00	3.743199e-03	0.000000e+00	0.000000e+00
6.440972e+01	1.006945e+00	1.006945e+00	3.910658e-03	0.000000e+00	0.000000e+00
6.642361e+01	1.006945e+00	1.006945e+00	4.866963e-03	0.000000e+00	0.000000e+00
6.843750e+01	1.006940e+00	1.006940e+00	4.518534e-03	0.000000e+00	0.000000e+00
7.045139e+01	1.006945e+00	1.006945e+00	5.791589e-03	0.000000e+00	0.000000e+00
7.246527e+01	1.006945e+00	1.006945e+00	6.569968e-03	0.000000e+00	0.000000e+00
7.447916e+01	1.006945e+00	1.006945e+00	6.533917e-03	0.000000e+00	0.000000e+00
7.649305e+01	1.006945e+00	1.006945e+00	7.067120e-03	0.000000e+00	0.000000e+00
7.850695e+01	1.006945e+00	1.006945e+00	7.900701e-03	0.000000e+00	0.000000e+00
8.052084e+01	1.006945e+00	1.006945e+00	7.280556e-03	0.000000e+00	0.000000e+00
8.253473e+01	1.006945e+00	1.006945e+00	8.056181e-03	0.000000e+00	0.000000e+00
8.454861e+01	1.006945e+00	1.006945e+00	8.804489e-03	0.000000e+00	0.000000e+00
8.656250e+01	1.006940e+00	1.006940e+00	1.013657e-02	0.000000e+00	0.000000e+00
8.857639e+01	1.006945e+00	1.006945e+00	9.842978e-03	0.000000e+00	0.000000e+00
9.059027e+01	1.006945e+00	1.006945e+00	9.841842e-03	0.000000e+00	0.000000e+00
9.260416e+01	1.006945e+00	1.006945e+00	1.092201e-02	0.000000e+00	0.000000e+00
9.461805e+01	1.006945e+00	1.006945e+00	1.152493e-02	0.000000e+00	0.000000e+00
9.663195e+01	1.006945e+00	1.006945e+00	1.232369e-02	0.000000e+00	0.000000e+00
9.864584e+01	1.006945e+00	1.006945e+00	1.106318e-02	0.000000e+00	0.000000e+00
1.006597e+02	1.006960e+00	1.006960e+00	1.291877e-02	0.000000e+00	0.000000e+00
1.026737e+02	1.006950e+00	1.006950e+00	1.475542e-02	0.000000e+00	0.000000e+00
1.046875e+02	1.006900e+00	1.006900e+00	1.448020e-02	0.000000e+00	0.000000e+00
1.067013e+02	1.006950e+00	1.006950e+00	1.341348e-02	0.000000e+00	0.000000e+00
1.087152e+02	1.006950e+00	1.006950e+00	1.448938e-02	0.000000e+00	0.000000e+00
1.107292e+02	1.006950e+00	1.006950e+00	1.681281e-02	0.000000e+00	0.000000e+00
1.127430e+02	1.006950e+00	1.006950e+00	1.625947e-02	0.000000e+00	0.000000e+00
1.147570e+02	1.006950e+00	1.006950e+00	1.583752e-02	0.000000e+00	0.000000e+00
1.167708e+02	1.006950e+00	1.006950e+00	1.910802e-02	0.000000e+00	0.000000e+00
1.187848e+02	1.006950e+00	1.006950e+00	1.425097e-02	0.000000e+00	0.000000e+00
1.207987e+02	1.006950e+00	1.006950e+00	1.930585e-02	0.000000e+00	0.000000e+00
1.228125e+02	1.006900e+00	1.006900e+00	1.723781e-02	0.000000e+00	0.000000e+00
1.248263e+02	1.006950e+00	1.006950e+00	1.770744e-02	0.000000e+00	0.000000e+00
1.268402e+02	1.006950e+00	1.006950e+00	1.917555e-02	0.000000e+00	0.000000e+00
1.288542e+02	1.006950e+00	1.006950e+00	2.187948e-02	0.000000e+00	0.000000e+00
1.308680e+02	1.006950e+00	1.006950e+00	1.841501e-02	0.000000e+00	0.000000e+00
1.328820e+02	1.006950e+00	1.006950e+00	2.049294e-02	0.000000e+00	0.000000e+00
1.348958e+02	1.006950e+00	1.006950e+00	1.810197e-02	0.000000e+00	0.000000e+00
1.369098e+02	1.006950e+00	1.006950e+00	2.527666e-02	0.000000e+00	0.000000e+00
1.389237e+02	1.006950e+00	1.006950e+00	2.470827e-02	0.000000e+00	0.000000e+00
1.409375e+02	1.006900e+00	1.006900e+00	1.779907e-02	0.000000e+00	0.000000e+00
1.429513e+02	1.006950e+00	1.006950e+00	2.197770e-02	0.000000e+00	0.000000e+00
1.449652e+02	1.006950e+00	1.006950e+00	2.351786e-02	0.000000e+00	0.000000e+00
1.469792e+02	1.006950e+00	1.006950e+00	2.107127e-02	0.000000e+00	0.000000e+00
1.489930e+02	1.006950e+00	1.006950e+00	2.802146e-02	0.000000e+00	0.000000e+00
