# xval	 xerr-	 xerr+	 yval	 yerr-	 yerr+
1.406250e+01	1.006940e+00	1.006940e+00	8.333452e-04	0.000000e+00	0.000000e+00
1.607639e+01	1.006945e+00	1.006945e+00	7.604507e-04	0.000000e+00	0.000000e+00
1.809027e+01	1.006945e+00	1.006945e+00	6.440306e-04	0.000000e+00	0.000000e+00
2.010417e+01	1.006945e+00	1.006945e+00	4.889854e-04	0.000000e+00	0.000000e+00
2.211805e+01	1.006945e+00	1.006945e+00	4.165629e-04	0.000000e+00	0.000000e+00
2.413195e+01	1.006945e+00	1.006945e+00	4.602093e-04	0.000000e+00	0.000000e+00
2.614583e+01	1.006945e+00	1.006945e+00	5.296772e-04	0.000000e+00	0.000000e+00
2.815973e+01	1.006945e+00	1.006945e+00	5.924997e-04	0.000000e+00	0.000000e+00
3.017361e+01	1.006945e+00	1.006945e+00	6.815823e-04	0.000000e+00	0.000000e+00
3.218750e+01	1.006940e+00	1.006940e+00	7.539283e-04	0.000000e+00	0.000000e+00
3.420139e+01	1.006945e+00	1.006945e+00	8.850660e-04	0.000000e+00	0.000000e+00
3.621527e+01	1.006945e+00	1.006945e+00	9.914220e-04	0.000000e+00	0.000000e+00
3.822916e+01	1.006945e+00	1.006945e+00	1.057670e-03	0.000000e+00	0.000000e+00
4.024305e+01	1.006945e+00	1.006945e+00	1.183405e-03	0.000000e+00	0.000000e+00
4.225695e+01	1.006945e+00	1.006945e+00	1.359187e-03	0.000000e+00	0.000000e+00
4.427084e+01	1.006945e+00	1.006945e+00	1.456965e-03	0.000000e+00	0.000000e+00
4.628473e+01	1.006945e+00	1.006945e+00	1.616319e-03	0.000000e+00	0.000000e+00
4.829861e+01	1.006945e+00	1.006945e+00	1.658102e-03	0.000000e+00	0.000000e+00
5.031250e+01	1.006940e+00	1.006940e+00	1.876431e-03	0.000000e+00	0.000000e+00
5.232639e+01	1.006945e+00	1.006945e+00	2.132819e-03	0.000000e+00	0.000000e+00
5.434027e+01	1.006945e+00	1.006945e+00	2.287724e-03	0.000000e+00	0.000000e+00
5.635416e+01	1.006945e+00	1.006945e+00	2.581669e-03	0.000000e+00	0.000000e+00
5.836805e+01	1.006945e+00	1.006945e+00	2.651781e-03	0.000000e+00	0.000000e+00
6.038195e+01	1.006945e+00	1.006945e+00	2.747218e-03	0.000000e+00	0.000000e+00
6.239584e+01	1.006945e+00	1.006945e+00	3.063759e-03	0.000000e+00	0.000000e+00
6.440972e+01	1.006945e+00	1.006945e+00	3.594429e-03	0.000000e+00	0.000000e+00
6.642361e+01	1.006945e+00	1.006945e+00	3.392525e-03	0.000000e+00	0.000000e+00
6.843750e+01	1.006940e+00	1.006940e+00	3.721768e-03	0.000000e+00	0.000000e+00
7.045139e+01	1.006945e+00	1.006945e+00	4.058854e-03	0.000000e+00	0.000000e+00
7.246527e+01	1.006945e+00	1.006945e+00	4.287908e-03	0.000000e+00	0.000000e+00
7.447916e+01	1.006945e+00	1.006945e+00	4.802671e-03	0.000000e+00	0.000000e+00
7.649305e+01	1.006945e+00	1.006945e+00	4.635244e-03	0.000000e+00	0.000000e+00
7.850695e+01	1.006945e+00	1.006945e+00	5.088167e-03	0.000000e+00	0.000000e+00
8.052084e+01	1.006945e+00	1.006945e+00	4.907283e-03	0.000000e+00	0.000000e+00
8.253473e+01	1.006945e+00	1.006945e+00	5.545635e-03	0.000000e+00	0.000000e+00
8.454861e+01	1.006945e+00	1.006945e+00	5.982816e-03	0.000000e+00	0.000000e+00
8.656250e+01	1.006940e+00	1.006940e+00	6.041026e-03	0.000000e+00	0.000000e+00
8.857639e+01	1.006945e+00	1.006945e+00	6.537794e-03	0.000000e+00	0.000000e+00
9.059027e+01	1.006945e+00	1.006945e+00	6.470750e-03	0.000000e+00	0.000000e+00
9.260416e+01	1.006945e+00	1.006945e+00	6.818723e-03	0.000000e+00	0.000000e+00
9.461805e+01	1.006945e+00	1.006945e+00	6.974637e-03	0.000000e+00	0.000000e+00
9.663195e+01	1.006945e+00	1.006945e+00	7.622772e-03	0.000000e+00	0.000000e+00
9.864584e+01	1.006945e+00	1.006945e+00	7.495062e-03	0.000000e+00	0.000000e+00
1.006597e+02	1.006960e+00	1.006960e+00	8.359677e-03	0.000000e+00	0.000000e+00
1.026737e+02	1.006950e+00	1.006950e+00	7.970435e-03	0.000000e+00	0.000000e+00
1.046875e+02	1.006900e+00	1.006900e+00	7.691554e-03	0.000000e+00	0.000000e+00
1.067013e+02	1.006950e+00	1.006950e+00	9.227695e-03	0.000000e+00	0.000000e+00
1.087152e+02	1.006950e+00	1.006950e+00	9.186826e-03	0.000000e+00	0.000000e+00
1.107292e+02	1.006950e+00	1.006950e+00	1.042986e-02	0.000000e+00	0.000000e+00
1.127430e+02	1.006950e+00	1.006950e+00	9.759971e-03	0.000000e+00	0.000000e+00
1.147570e+02	1.006950e+00	1.006950e+00	1.071555e-02	0.000000e+00	0.000000e+00
1.167708e+02	1.006950e+00	1.006950e+00	1.021148e-02	0.000000e+00	0.000000e+00
1.187848e+02	1.006950e+00	1.006950e+00	1.070652e-02	0.000000e+00	0.000000e+00
1.207987e+02	1.006950e+00	1.006950e+00	1.064805e-02	0.000000e+00	0.000000e+00
1.228125e+02	1.006900e+00	1.006900e+00	1.068035e-02	0.000000e+00	0.000000e+00
1.248263e+02	1.006950e+00	1.006950e+00	1.182532e-02	0.000000e+00	0.000000e+00
1.268402e+02	1.006950e+00	1.006950e+00	1.232896e-02	0.000000e+00	0.000000e+00
1.288542e+02	1.006950e+00	1.006950e+00	1.003304e-02	0.000000e+00	0.000000e+00
1.308680e+02	1.006950e+00	1.006950e+00	1.066947e-02	0.000000e+00	0.000000e+00
1.328820e+02	1.006950e+00	1.006950e+00	1.280810e-02	0.000000e+00	0.000000e+00
1.348958e+02	1.006950e+00	1.006950e+00	1.243174e-02	0.000000e+00	0.000000e+00
1.369098e+02	1.006950e+00	1.006950e+00	1.204509e-02	0.000000e+00	0.000000e+00
1.389237e+02	1.006950e+00	1.006950e+00	1.079863e-02	0.000000e+00	0.000000e+00
1.409375e+02	1.006900e+00	1.006900e+00	1.516277e-02	0.000000e+00	0.000000e+00
1.429513e+02	1.006950e+00	1.006950e+00	1.344570e-02	0.000000e+00	0.000000e+00
1.449652e+02	1.006950e+00	1.006950e+00	1.438660e-02	0.000000e+00	0.000000e+00
1.469792e+02	1.006950e+00	1.006950e+00	1.430101e-02	0.000000e+00	0.000000e+00
1.489930e+02	1.006950e+00	1.006950e+00	1.398303e-02	0.000000e+00	0.000000e+00
