# xval	 xerr-	 xerr+	 yval	 yerr-	 yerr+
1.406250e+01	1.006940e+00	1.006940e+00	1.375377e-03	0.000000e+00	0.000000e+00
1.607639e+01	1.006945e+00	1.006945e+00	1.297993e-03	0.000000e+00	0.000000e+00
1.809027e+01	1.006945e+00	1.006945e+00	9.176142e-04	0.000000e+00	0.000000e+00
2.010417e+01	1.006945e+00	1.006945e+00	9.175636e-04	0.000000e+00	0.000000e+00
2.211805e+01	1.006945e+00	1.006945e+00	1.051221e-03	0.000000e+00	0.000000e+00
2.413195e+01	1.006945e+00	1.006945e+00	1.221104e-03	0.000000e+00	0.000000e+00
2.614583e+01	1.006945e+00	1.006945e+00	1.379964e-03	0.000000e+00	0.000000e+00
2.815973e+01	1.006945e+00	1.006945e+00	1.577485e-03	0.000000e+00	0.000000e+00
3.017361e+01	1.006945e+00	1.006945e+00	1.747706e-03	0.000000e+00	0.000000e+00
3.218750e+01	1.006940e+00	1.006940e+00	1.990330e-03	0.000000e+00	0.000000e+00
3.420139e+01	1.006945e+00	1.006945e+00	2.197747e-03	0.000000e+00	0.000000e+00
3.621527e+01	1.006945e+00	1.006945e+00	2.396578e-03	0.000000e+00	0.000000e+00
3.822916e+01	1.006945e+00	1.006945e+00	2.609048e-03	0.000000e+00	0.000000e+00
4.024305e+01	1.006945e+00	1.006945e+00	2.934873e-03	0.000000e+00	0.000000e+00
4.225695e+01	1.006945e+00	1.006945e+00	3.164419e-03	0.000000e+00	0.000000e+00
4.427084e+01	1.006945e+00	1.006945e+00	3.435132e-03	0.000000e+00	0.000000e+00
4.628473e+01	1.006945e+00	1.006945e+00	3.753600e-03	0.000000e+00	0.000000e+00
4.829861e+01	1.006945e+00	1.006945e+00	3.987207e-03	0.000000e+00	0.000000e+00
5.031250e+01	1.006940e+00	1.006940e+00	4.223878e-03	0.000000e+00	0.000000e+00
5.232639e+01	1.006945e+00	1.006945e+00	4.568957e-03	0.000000e+00	0.000000e+00
5.434027e+01	1.006945e+00	1.006945e+00	4.967307e-03	0.000000e+00	0.000000e+00
5.635416e+01	1.006945e+00	1.006945e+00	5.361137e-03	0.000000e+00	0.000000e+00
5.836805e+01	1.006945e+00	1.006945e+00	5.742615e-03	0.000000e+00	0.000000e+00
6.038195e+01	1.006945e+00	1.006945e+00	5.825975e-03	0.000000e+00	0.000000e+00
6.239584e+01	1.006945e+00	1.006945e+00	6.357099e-03	0.000000e+00	0.000000e+00
6.440972e+01	1.006945e+00	1.006945e+00	6.912684e-03	0.000000e+00	0.000000e+00
6.642361e+01	1.006945e+00	1.006945e+00	6.700926e-03	0.000000e+00	0.000000e+00
6.843750e+01	1.006940e+00	1.006940e+00	7.492382e-03	0.000000e+00	0.000000e+00
7.045139e+01	1.006945e+00	1.006945e+00	7.714991e-03	0.000000e+00	0.000000e+00
7.246527e+01	1.006945e+00	1.006945e+00	7.976379e-03	0.000000e+00	0.000000e+00
7.447916e+01	1.006945e+00	1.006945e+00	8.694005e-03	0.000000e+00	0.000000e+00
7.649305e+01	1.006945e+00	1.006945e+00	9.698918e-03	0.000000e+00	0.000000e+00
7.850695e+01	1.006945e+00	1.006945e+00	9.515035e-03	0.000000e+00	0.000000e+00
8.052084e+01	1.006945e+00	1.006945e+00	9.561107e-03	0.000000e+00	0.000000e+00
8.253473e+01	1.006945e+00	1.006945e+00	1.048038e-02	0.000000e+00	0.000000e+00
8.454861e+01	1.006945e+00	1.006945e+00	1.135496e-02	0.000000e+00	0.000000e+00
8.656250e+01	1.006940e+00	1.006940e+00	1.199551e-02	0.000000e+00	0.000000e+00
8.857639e+01	1.006945e+00	1.006945e+00	1.128585e-02	0.000000e+00	0.000000e+00
9.059027e+01	1.006945e+00	1.006945e+00	1.151584e-02	0.000000e+00	0.000000e+00
9.260416e+01	1.006945e+00	1.006945e+00	1.305392e-02	0.000000e+00	0.000000e+00
9.461805e+01	1.006945e+00	1.006945e+00	1.348526e-02	0.000000e+00	0.000000e+00
9.663195e+01	1.006945e+00	1.006945e+00	1.311314e-02	0.000000e+00	0.000000e+00
9.864584e+01	1.006945e+00	1.006945e+00	1.397648e-02	0.000000e+00	0.000000e+00
1.006597e+02	1.006960e+00	1.006960e+00	1.294456e-02	0.000000e+00	0.000000e+00
1.026737e+02	1.006950e+00	1.006950e+00	1.483652e-02	0.000000e+00	0.000000e+00
1.046875e+02	1.006900e+00	1.006900e+00	1.528804e-02	0.000000e+00	0.000000e+00
1.067013e+02	1.006950e+00	1.006950e+00	1.576662e-02	0.000000e+00	0.000000e+00
1.087152e+02	1.006950e+00	1.006950e+00	1.650649e-02	0.000000e+00	0.000000e+00
1.107292e+02	1.006950e+00	1.006950e+00	1.771996e-02	0.000000e+00	0.000000e+00
1.127430e+02	1.006950e+00	1.006950e+00	1.531543e-02	0.000000e+00	0.000000e+00
1.147570e+02	1.006950e+00	1.006950e+00	1.740745e-02	0.000000e+00	0.000000e+00
1.167708e+02	1.006950e+00	1.006950e+00	1.802700e-02	0.000000e+00	0.000000e+00
1.187848e+02	1.006950e+00	1.006950e+00	1.891721e-02	0.000000e+00	0.000000e+00
1.207987e+02	1.006950e+00	1.006950e+00	2.020052e-02	0.000000e+00	0.000000e+00
1.228125e+02	1.006900e+00	1.006900e+00	1.784863e-02	0.000000e+00	0.000000e+00
1.248263e+02	1.006950e+00	1.006950e+00	2.125003e-02	0.000000e+00	0.000000e+00
1.268402e+02	1.006950e+00	1.006950e+00	2.245284e-02	0.000000e+00	0.000000e+00
1.288542e+02	1.006950e+00	1.006950e+00	2.076791e-02	0.000000e+00	0.000000e+00
1.308680e+02	1.006950e+00	1.006950e+00	2.178845e-02	0.000000e+00	0.000000e+00
1.328820e+02	1.006950e+00	1.006950e+00	2.238218e-02	0.000000e+00	0.000000e+00
1.348958e+02	1.006950e+00	1.006950e+00	2.393111e-02	0.000000e+00	0.000000e+00
1.369098e+02	1.006950e+00	1.006950e+00	2.413937e-02	0.000000e+00	0.000000e+00
1.389237e+02	1.006950e+00	1.006950e+00	2.358860e-02	0.000000e+00	0.000000e+00
1.409375e+02	1.006900e+00	1.006900e+00	2.595918e-02	0.000000e+00	0.000000e+00
1.429513e+02	1.006950e+00	1.006950e+00	2.305675e-02	0.000000e+00	0.000000e+00
1.449652e+02	1.006950e+00	1.006950e+00	2.861707e-02	0.000000e+00	0.000000e+00
1.469792e+02	1.006950e+00	1.006950e+00	2.527629e-02	0.000000e+00	0.000000e+00
1.489930e+02	1.006950e+00	1.006950e+00	2.640086e-02	0.000000e+00	0.000000e+00
