# xval	 xerr-	 xerr+	 yval	 yerr-	 yerr+
1.406250e+01	1.006940e+00	1.006940e+00	3.537107e-04	0.000000e+00	0.000000e+00
1.607639e+01	1.006945e+00	1.006945e+00	2.549981e-04	0.000000e+00	0.000000e+00
1.809027e+01	1.006945e+00	1.006945e+00	-4.331603e-05	0.000000e+00	0.000000e+00
2.010417e+01	1.006945e+00	1.006945e+00	4.038502e-05	0.000000e+00	0.000000e+00
2.211805e+01	1.006945e+00	1.006945e+00	1.521141e-04	0.000000e+00	0.000000e+00
2.413195e+01	1.006945e+00	1.006945e+00	2.753294e-04	0.000000e+00	0.000000e+00
2.614583e+01	1.006945e+00	1.006945e+00	4.204373e-04	0.000000e+00	0.000000e+00
2.815973e+01	1.006945e+00	1.006945e+00	6.047116e-04	0.000000e+00	0.000000e+00
3.017361e+01	1.006945e+00	1.006945e+00	7.758758e-04	0.000000e+00	0.000000e+00
3.218750e+01	1.006940e+00	1.006940e+00	1.033484e-03	0.000000e+00	0.000000e+00
3.420139e+01	1.006945e+00	1.006945e+00	1.217096e-03	0.000000e+00	0.000000e+00
3.621527e+01	1.006945e+00	1.006945e+00	1.437094e-03	0.000000e+00	0.000000e+00
3.822916e+01	1.006945e+00	1.006945e+00	1.753014e-03	0.000000e+00	0.000000e+00
4.024305e+01	1.006945e+00	1.006945e+00	2.066360e-03	0.000000e+00	0.000000e+00
4.225695e+01	1.006945e+00	1.006945e+00	2.360805e-03	0.000000e+00	0.000000e+00
4.427084e+01	1.006945e+00	1.006945e+00	2.640109e-03	0.000000e+00	0.000000e+00
4.628473e+01	1.006945e+00	1.006945e+00	2.959799e-03	0.000000e+00	0.000000e+00
4.829861e+01	1.006945e+00	1.006945e+00	3.297380e-03	0.000000e+00	0.000000e+00
5.031250e+01	1.006940e+00	1.006940e+00	3.532407e-03	0.000000e+00	0.000000e+00
5.232639e+01	1.006945e+00	1.006945e+00	4.065885e-03	0.000000e+00	0.000000e+00
5.434027e+01	1.006945e+00	1.006945e+00	4.207879e-03	0.000000e+00	0.000000e+00
5.635416e+01	1.006945e+00	1.006945e+00	4.959915e-03	0.000000e+00	0.000000e+00
5.836805e+01	1.006945e+00	1.006945e+00	4.812980e-03	0.000000e+00	0.000000e+00
6.038195e+01	1.006945e+00	1.006945e+00	5.203320e-03	0.000000e+00	0.000000e+00
6.239584e+01	1.006945e+00	1.006945e+00	5.505170e-03	0.000000e+00	0.000000e+00
6.440972e+01	1.006945e+00	1.006945e+00	6.310373e-03	0.000000e+00	0.000000e+00
6.642361e+01	1.006945e+00	1.006945e+00	6.880211e-03	0.000000e+00	0.000000e+00
6.843750e+01	1.006940e+00	1.006940e+00	6.853061e-03	0.000000e+00	0.000000e+00
7.045139e+01	1.006945e+00	1.006945e+00	6.828987e-03	0.000000e+00	0.000000e+00
7.246527e+01	1.006945e+00	1.006945e+00	7.322891e-03	0.000000e+00	0.000000e+00
7.447916e+01	1.006945e+00	1.006945e+00	8.291447e-03	0.000000e+00	0.000000e+00
7.649305e+01	1.006945e+00	1.006945e+00	8.504967e-03	0.000000e+00	0.000000e+00
7.850695e+01	1.006945e+00	1.006945e+00	8.890835e-03	0.000000e+00	0.000000e+00
8.052084e+01	1.006945e+00	1.006945e+00	9.456056e-03	0.000000e+00	0.000000e+00
8.253473e+01	1.006945e+00	1.006945e+00	9.530724e-03	0.000000e+00	0.000000e+00
8.454861e+01	1.006945e+00	1.006945e+00	9.593470e-03	0.000000e+00	0.000000e+00
8.656250e+01	1.006940e+00	1.006940e+00	1.151316e-02	0.000000e+00	0.000000e+00
8.857639e+01	1.006945e+00	1.006945e+00	9.590378e-03	0.000000e+00	0.000000e+00
9.059027e+01	1.006945e+00	1.006945e+00	1.172604e-02	0.000000e+00	0.000000e+00
9.260416e+01	1.006945e+00	1.006945e+00	1.093675e-02	0.000000e+00	0.000000e+00
9.461805e+01	1.006945e+00	1.006945e+00	1.171446e-02	0.000000e+00	0.000000e+00
9.663195e+01	1.006945e+00	1.006945e+00	1.179671e-02	0.000000e+00	0.000000e+00
9.864584e+01	1.006945e+00	1.006945e+00	1.262315e-02	0.000000e+00	0.000000e+00
1.006597e+02	1.006960e+00	1.006960e+00	1.358703e-02	0.000000e+00	0.000000e+00
1.026737e+02	1.006950e+00	1.006950e+00	1.242544e-02	0.000000e+00	0.000000e+00
1.046875e+02	1.006900e+00	1.006900e+00	1.346051e-02	0.000000e+00	0.000000e+00
1.067013e+02	1.006950e+00	1.006950e+00	1.480272e-02	0.000000e+00	0.000000e+00
1.087152e+02	1.006950e+00	1.006950e+00	1.724435e-02	0.000000e+00	0.000000e+00
1.107292e+02	1.006950e+00	1.006950e+00	1.281609e-02	0.000000e+00	0.000000e+00
1.127430e+02	1.006950e+00	1.006950e+00	1.544506e-02	0.000000e+00	0.000000e+00
1.147570e+02	1.006950e+00	1.006950e+00	1.570787e-02	0.000000e+00	0.000000e+00
1.167708e+02	1.006950e+00	1.006950e+00	1.715533e-02	0.000000e+00	0.000000e+00
1.187848e+02	1.006950e+00	1.006950e+00	1.821233e-02	0.000000e+00	0.000000e+00
1.207987e+02	1.006950e+00	1.006950e+00	1.803753e-02	0.000000e+00	0.000000e+00
1.228125e+02	1.006900e+00	1.006900e+00	1.847843e-02	0.000000e+00	0.000000e+00
1.248263e+02	1.006950e+00	1.006950e+00	1.876946e-02	0.000000e+00	0.000000e+00
1.268402e+02	1.006950e+00	1.006950e+00	1.970333e-02	0.000000e+00	0.000000e+00
1.288542e+02	1.006950e+00	1.006950e+00	1.705509e-02	0.000000e+00	0.000000e+00
1.308680e+02	1.006950e+00	1.006950e+00	1.770241e-02	0.000000e+00	0.000000e+00
1.328820e+02	1.006950e+00	1.006950e+00	2.224643e-02	0.000000e+00	0.000000e+00
1.348958e+02	1.006950e+00	1.006950e+00	2.200759e-02	0.000000e+00	0.000000e+00
1.369098e+02	1.006950e+00	1.006950e+00	2.198142e-02	0.000000e+00	0.000000e+00
1.389237e+02	1.006950e+00	1.006950e+00	2.322592e-02	0.000000e+00	0.000000e+00
1.409375e+02	1.006900e+00	1.006900e+00	2.347524e-02	0.000000e+00	0.000000e+00
1.429513e+02	1.006950e+00	1.006950e+00	2.540236e-02	0.000000e+00	0.000000e+00
1.449652e+02	1.006950e+00	1.006950e+00	1.862090e-02	0.000000e+00	0.000000e+00
1.469792e+02	1.006950e+00	1.006950e+00	2.411708e-02	0.000000e+00	0.000000e+00
1.489930e+02	1.006950e+00	1.006950e+00	2.265212e-02	0.000000e+00	0.000000e+00
