# xval	 xerr-	 xerr+	 yval	 yerr-	 yerr+
1.406250e+01	1.006940e+00	1.006940e+00	-2.859956e-05	0.000000e+00	0.000000e+00
1.607639e+01	1.006945e+00	1.006945e+00	-1.084259e-04	0.000000e+00	0.000000e+00
1.809027e+01	1.006945e+00	1.006945e+00	-3.805313e-04	0.000000e+00	0.000000e+00
2.010417e+01	1.006945e+00	1.006945e+00	-3.555135e-04	0.000000e+00	0.000000e+00
2.211805e+01	1.006945e+00	1.006945e+00	-2.913187e-04	0.000000e+00	0.000000e+00
2.413195e+01	1.006945e+00	1.006945e+00	-1.724888e-04	0.000000e+00	0.000000e+00
2.614583e+01	1.006945e+00	1.006945e+00	-2.266227e-05	0.000000e+00	0.000000e+00
2.815973e+01	1.006945e+00	1.006945e+00	1.605905e-04	0.000000e+00	0.000000e+00
3.017361e+01	1.006945e+00	1.006945e+00	3.926272e-04	0.000000e+00	0.000000e+00
3.218750e+01	1.006940e+00	1.006940e+00	6.751658e-04	0.000000e+00	0.000000e+00
3.420139e+01	1.006945e+00	1.006945e+00	9.114336e-04	0.000000e+00	0.000000e+00
3.621527e+01	1.006945e+00	1.006945e+00	1.249629e-03	0.000000e+00	0.000000e+00
3.822916e+01	1.006945e+00	1.006945e+00	1.577147e-03	0.000000e+00	0.000000e+00
4.024305e+01	1.006945e+00	1.006945e+00	2.027162e-03	0.000000e+00	0.000000e+00
4.225695e+01	1.006945e+00	1.006945e+00	2.346047e-03	0.000000e+00	0.000000e+00
4.427084e+01	1.006945e+00	1.006945e+00	2.792283e-03	0.000000e+00	0.000000e+00
4.628473e+01	1.006945e+00	1.006945e+00	3.172164e-03	0.000000e+00	0.000000e+00
4.829861e+01	1.006945e+00	1.006945e+00	3.867331e-03	0.000000e+00	0.000000e+00
5.031250e+01	1.006940e+00	1.006940e+00	4.122211e-03	0.000000e+00	0.000000e+00
5.232639e+01	1.006945e+00	1.006945e+00	4.934503e-03	0.000000e+00	0.000000e+00
5.434027e+01	1.006945e+00	1.006945e+00	5.198845e-03	0.000000e+00	0.000000e+00
5.635416e+01	1.006945e+00	1.006945e+00	5.958506e-03	0.000000e+00	0.000000e+00
5.836805e+01	1.006945e+00	1.006945e+00	6.643648e-03	0.000000e+00	0.000000e+00
6.038195e+01	1.006945e+00	1.006945e+00	6.403981e-03	0.000000e+00	0.000000e+00
6.239584e+01	1.006945e+00	1.006945e+00	7.690896e-03	0.000000e+00	0.000000e+00
6.440972e+01	1.006945e+00	1.006945e+00	8.273765e-03	0.000000e+00	0.000000e+00
6.642361e+01	1.006945e+00	1.006945e+00	8.717319e-03	0.000000e+00	0.000000e+00
6.843750e+01	1.006940e+00	1.006940e+00	9.466151e-03	0.000000e+00	0.000000e+00
7.045139e+01	1.006945e+00	1.006945e+00	9.971659e-03	0.000000e+00	0.000000e+00
7.246527e+01	1.006945e+00	1.006945e+00	1.067712e-02	0.000000e+00	0.000000e+00
7.447916e+01	1.006945e+00	1.006945e+00	1.168508e-02	0.000000e+00	0.000000e+00
7.649305e+01	1.006945e+00	1.006945e+00	1.222863e-02	0.000000e+00	0.000000e+00
7.850695e+01	1.006945e+00	1.006945e+00	1.294036e-02	0.000000e+00	0.000000e+00
8.052084e+01	1.006945e+00	1.006945e+00	1.388599e-02	0.000000e+00	0.000000e+00
8.253473e+01	1.006945e+00	1.006945e+00	1.298968e-02	0.000000e+00	0.000000e+00
8.454861e+01	1.006945e+00	1.006945e+00	1.566212e-02	0.000000e+00	0.000000e+00
8.656250e+01	1.006940e+00	1.006940e+00	1.640298e-02	0.000000e+00	0.000000e+00
8.857639e+01	1.006945e+00	1.006945e+00	1.713631e-02	0.000000e+00	0.000000e+00
9.059027e+01	1.006945e+00	1.006945e+00	1.546091e-02	0.000000e+00	0.000000e+00
9.260416e+01	1.006945e+00	1.006945e+00	1.705463e-02	0.000000e+00	0.000000e+00
9.461805e+01	1.006945e+00	1.006945e+00	2.056046e-02	0.000000e+00	0.000000e+00
9.663195e+01	1.006945e+00	1.006945e+00	2.002300e-02	0.000000e+00	0.000000e+00
9.864584e+01	1.006945e+00	1.006945e+00	2.050502e-02	0.000000e+00	0.000000e+00
1.006597e+02	1.006960e+00	1.006960e+00	2.294224e-02	0.000000e+00	0.000000e+00
1.026737e+02	1.006950e+00	1.006950e+00	2.142321e-02	0.000000e+00	0.000000e+00
1.046875e+02	1.006900e+00	1.006900e+00	2.264090e-02	0.000000e+00	0.000000e+00
1.067013e+02	1.006950e+00	1.006950e+00	2.488655e-02	0.000000e+00	0.000000e+00
1.087152e+02	1.006950e+00	1.006950e+00	2.582976e-02	0.000000e+00	0.000000e+00
1.107292e+02	1.006950e+00	1.006950e+00	2.460248e-02	0.000000e+00	0.000000e+00
1.127430e+02	1.006950e+00	1.006950e+00	2.674932e-02	0.000000e+00	0.000000e+00
1.147570e+02	1.006950e+00	1.006950e+00	2.848960e-02	0.000000e+00	0.000000e+00
1.167708e+02	1.006950e+00	1.006950e+00	3.024208e-02	0.000000e+00	0.000000e+00
1.187848e+02	1.006950e+00	1.006950e+00	3.093295e-02	0.000000e+00	0.000000e+00
1.207987e+02	1.006950e+00	1.006950e+00	3.083671e-02	0.000000e+00	0.000000e+00
1.228125e+02	1.006900e+00	1.006900e+00	3.129182e-02	0.000000e+00	0.000000e+00
1.248263e+02	1.006950e+00	1.006950e+00	3.694136e-02	0.000000e+00	0.000000e+00
1.268402e+02	1.006950e+00	1.006950e+00	2.912073e-02	0.000000e+00	0.000000e+00
1.288542e+02	1.006950e+00	1.006950e+00	3.238150e-02	0.000000e+00	0.000000e+00
1.308680e+02	1.006950e+00	1.006950e+00	3.547378e-02	0.000000e+00	0.000000e+00
1.328820e+02	1.006950e+00	1.006950e+00	4.257190e-02	0.000000e+00	0.000000e+00
1.348958e+02	1.006950e+00	1.006950e+00	3.539768e-02	0.000000e+00	0.000000e+00
1.369098e+02	1.006950e+00	1.006950e+00	4.273309e-02	0.000000e+00	0.000000e+00
1.389237e+02	1.006950e+00	1.006950e+00	3.496951e-02	0.000000e+00	0.000000e+00
1.409375e+02	1.006900e+00	1.006900e+00	4.152749e-02	0.000000e+00	0.000000e+00
1.429513e+02	1.006950e+00	1.006950e+00	4.299876e-02	0.000000e+00	0.000000e+00
1.449652e+02	1.006950e+00	1.006950e+00	4.101991e-02	0.000000e+00	0.000000e+00
1.469792e+02	1.006950e+00	1.006950e+00	4.150477e-02	0.000000e+00	0.000000e+00
1.489930e+02	1.006950e+00	1.006950e+00	4.107167e-02	0.000000e+00	0.000000e+00
