# xval	 xerr-	 xerr+	 yval	 yerr-	 yerr+
1.406250e+01	1.006940e+00	1.006940e+00	2.837483e-04	0.000000e+00	0.000000e+00
1.607639e+01	1.006945e+00	1.006945e+00	2.298543e-04	0.000000e+00	0.000000e+00
1.809027e+01	1.006945e+00	1.006945e+00	1.185575e-06	0.000000e+00	0.000000e+00
2.010417e+01	1.006945e+00	1.006945e+00	1.413609e-04	0.000000e+00	0.000000e+00
2.211805e+01	1.006945e+00	1.006945e+00	3.453624e-04	0.000000e+00	0.000000e+00
2.413195e+01	1.006945e+00	1.006945e+00	5.437508e-04	0.000000e+00	0.000000e+00
2.614583e+01	1.006945e+00	1.006945e+00	8.156393e-04	0.000000e+00	0.000000e+00
2.815973e+01	1.006945e+00	1.006945e+00	1.020220e-03	0.000000e+00	0.000000e+00
3.017361e+01	1.006945e+00	1.006945e+00	1.381828e-03	0.000000e+00	0.000000e+00
3.218750e+01	1.006940e+00	1.006940e+00	1.583054e-03	0.000000e+00	0.000000e+00
3.420139e+01	1.006945e+00	1.006945e+00	1.869732e-03	0.000000e+00	0.000000e+00
3.621527e+01	1.006945e+00	1.006945e+00	2.184907e-03	0.000000e+00	0.000000e+00
3.822916e+01	1.006945e+00	1.006945e+00	2.441526e-03	0.000000e+00	0.000000e+00
4.024305e+01	1.006945e+00	1.006945e+00	2.746111e-03	0.000000e+00	0.000000e+00
4.225695e+01	1.006945e+00	1.006945e+00	2.936743e-03	0.000000e+00	0.000000e+00
4.427084e+01	1.006945e+00	1.006945e+00	3.220785e-03	0.000000e+00	0.000000e+00
4.628473e+01	1.006945e+00	1.006945e+00	3.518914e-03	0.000000e+00	0.000000e+00
4.829861e+01	1.006945e+00	1.006945e+00	3.720632e-03	0.000000e+00	0.000000e+00
5.031250e+01	1.006940e+00	1.006940e+00	4.087120e-03	0.000000e+00	0.000000e+00
5.232639e+01	1.006945e+00	1.006945e+00	4.511252e-03	0.000000e+00	0.000000e+00
5.434027e+01	1.006945e+00	1.006945e+00	4.284665e-03	0.000000e+00	0.000000e+00
5.635416e+01	1.006945e+00	1.006945e+00	5.093733e-03	0.000000e+00	0.000000e+00
5.836805e+01	1.006945e+00	1.006945e+00	5.203855e-03	0.000000e+00	0.000000e+00
6.038195e+01	1.006945e+00	1.006945e+00	5.051607e-03	0.000000e+00	0.000000e+00
6.239584e+01	1.006945e+00	1.006945e+00	5.786565e-03	0.000000e+00	0.000000e+00
6.440972e+01	1.006945e+00	1.006945e+00	5.403624e-03	0.000000e+00	0.000000e+00
6.642361e+01	1.006945e+00	1.006945e+00	6.034485e-03	0.000000e+00	0.000000e+00
6.843750e+01	1.006940e+00	1.006940e+00	6.238593e-03	0.000000e+00	0.000000e+00
7.045139e+01	1.006945e+00	1.006945e+00	6.740691e-03	0.000000e+00	0.000000e+00
7.246527e+01	1.006945e+00	1.006945e+00	6.940936e-03	0.000000e+00	0.000000e+00
7.447916e+01	1.006945e+00	1.006945e+00	6.177224e-03	0.000000e+00	0.000000e+00
7.649305e+01	1.006945e+00	1.006945e+00	7.100124e-03	0.000000e+00	0.000000e+00
7.850695e+01	1.006945e+00	1.006945e+00	7.601438e-03	0.000000e+00	0.000000e+00
8.052084e+01	1.006945e+00	1.006945e+00	6.867351e-03	0.000000e+00	0.000000e+00
8.253473e+01	1.006945e+00	1.006945e+00	6.938024e-03	0.000000e+00	0.000000e+00
8.454861e+01	1.006945e+00	1.006945e+00	7.248230e-03	0.000000e+00	0.000000e+00
8.656250e+01	1.006940e+00	1.006940e+00	7.395106e-03	0.000000e+00	0.000000e+00
8.857639e+01	1.006945e+00	1.006945e+00	7.303281e-03	0.000000e+00	0.000000e+00
9.059027e+01	1.006945e+00	1.006945e+00	7.297630e-03	0.000000e+00	0.000000e+00
9.260416e+01	1.006945e+00	1.006945e+00	8.167747e-03	0.000000e+00	0.000000e+00
9.461805e+01	1.006945e+00	1.006945e+00	7.383469e-03	0.000000e+00	0.000000e+00
9.663195e+01	1.006945e+00	1.006945e+00	8.001845e-03	0.000000e+00	0.000000e+00
9.864584e+01	1.006945e+00	1.006945e+00	8.601398e-03	0.000000e+00	0.000000e+00
1.006597e+02	1.006960e+00	1.006960e+00	8.037116e-03	0.000000e+00	0.000000e+00
1.026737e+02	1.006950e+00	1.006950e+00	6.554024e-03	0.000000e+00	0.000000e+00
1.046875e+02	1.006900e+00	1.006900e+00	7.730132e-03	0.000000e+00	0.000000e+00
1.067013e+02	1.006950e+00	1.006950e+00	8.673684e-03	0.000000e+00	0.000000e+00
1.087152e+02	1.006950e+00	1.006950e+00	8.071560e-03	0.000000e+00	0.000000e+00
1.107292e+02	1.006950e+00	1.006950e+00	6.969012e-03	0.000000e+00	0.000000e+00
1.127430e+02	1.006950e+00	1.006950e+00	7.171578e-03	0.000000e+00	0.000000e+00
1.147570e+02	1.006950e+00	1.006950e+00	8.872711e-03	0.000000e+00	0.000000e+00
1.167708e+02	1.006950e+00	1.006950e+00	8.848948e-03	0.000000e+00	0.000000e+00
1.187848e+02	1.006950e+00	1.006950e+00	6.998279e-03	0.000000e+00	0.000000e+00
1.207987e+02	1.006950e+00	1.006950e+00	7.236041e-03	0.000000e+00	0.000000e+00
1.228125e+02	1.006900e+00	1.006900e+00	7.822722e-03	0.000000e+00	0.000000e+00
1.248263e+02	1.006950e+00	1.006950e+00	7.113735e-03	0.000000e+00	0.000000e+00
1.268402e+02	1.006950e+00	1.006950e+00	6.375520e-03	0.000000e+00	0.000000e+00
1.288542e+02	1.006950e+00	1.006950e+00	8.959620e-03	0.000000e+00	0.000000e+00
1.308680e+02	1.006950e+00	1.006950e+00	6.717571e-03	0.000000e+00	0.000000e+00
1.328820e+02	1.006950e+00	1.006950e+00	6.810502e-03	0.000000e+00	0.000000e+00
1.348958e+02	1.006950e+00	1.006950e+00	5.547252e-03	0.000000e+00	0.000000e+00
1.369098e+02	1.006950e+00	1.006950e+00	8.679828e-03	0.000000e+00	0.000000e+00
1.389237e+02	1.006950e+00	1.006950e+00	6.755173e-03	0.000000e+00	0.000000e+00
1.409375e+02	1.006900e+00	1.006900e+00	6.568561e-03	0.000000e+00	0.000000e+00
1.429513e+02	1.006950e+00	1.006950e+00	7.276776e-03	0.000000e+00	0.000000e+00
1.449652e+02	1.006950e+00	1.006950e+00	7.750733e-03	0.000000e+00	0.000000e+00
1.469792e+02	1.006950e+00	1.006950e+00	7.196442e-03	0.000000e+00	0.000000e+00
1.489930e+02	1.006950e+00	1.006950e+00	7.889426e-03	0.000000e+00	0.000000e+00
