# xval	 xerr-	 xerr+	 yval	 yerr-	 yerr+
1.406250e+01	1.006940e+00	1.006940e+00	3.244901e-03	0.000000e+00	0.000000e+00
1.607639e+01	1.006945e+00	1.006945e+00	3.118344e-03	0.000000e+00	0.000000e+00
1.809027e+01	1.006945e+00	1.006945e+00	2.547586e-03	0.000000e+00	0.000000e+00
2.010417e+01	1.006945e+00	1.006945e+00	2.543950e-03	0.000000e+00	0.000000e+00
2.211805e+01	1.006945e+00	1.006945e+00	2.693822e-03	0.000000e+00	0.000000e+00
2.413195e+01	1.006945e+00	1.006945e+00	2.868751e-03	0.000000e+00	0.000000e+00
2.614583e+01	1.006945e+00	1.006945e+00	3.066393e-03	0.000000e+00	0.000000e+00
2.815973e+01	1.006945e+00	1.006945e+00	3.299264e-03	0.000000e+00	0.000000e+00
3.017361e+01	1.006945e+00	1.006945e+00	3.483379e-03	0.000000e+00	0.000000e+00
3.218750e+01	1.006940e+00	1.006940e+00	3.767835e-03	0.000000e+00	0.000000e+00
3.420139e+01	1.006945e+00	1.006945e+00	3.985710e-03	0.000000e+00	0.000000e+00
3.621527e+01	1.006945e+00	1.006945e+00	4.236989e-03	0.000000e+00	0.000000e+00
3.822916e+01	1.006945e+00	1.006945e+00	4.534169e-03	0.000000e+00	0.000000e+00
4.024305e+01	1.006945e+00	1.006945e+00	4.784476e-03	0.000000e+00	0.000000e+00
4.225695e+01	1.006945e+00	1.006945e+00	5.133120e-03	0.000000e+00	0.000000e+00
4.427084e+01	1.006945e+00	1.006945e+00	5.265389e-03	0.000000e+00	0.000000e+00
4.628473e+01	1.006945e+00	1.006945e+00	5.703567e-03	0.000000e+00	0.000000e+00
4.829861e+01	1.006945e+00	1.006945e+00	5.991264e-03	0.000000e+00	0.000000e+00
5.031250e+01	1.006940e+00	1.006940e+00	6.054346e-03	0.000000e+00	0.000000e+00
5.232639e+01	1.006945e+00	1.006945e+00	6.266038e-03	0.000000e+00	0.000000e+00
5.434027e+01	1.006945e+00	1.006945e+00	7.202381e-03	0.000000e+00	0.000000e+00
5.635416e+01	1.006945e+00	1.006945e+00	7.283520e-03	0.000000e+00	0.000000e+00
5.836805e+01	1.006945e+00	1.006945e+00	7.837647e-03	0.000000e+00	0.000000e+00
6.038195e+01	1.006945e+00	1.006945e+00	7.995268e-03	0.000000e+00	0.000000e+00
6.239584e+01	1.006945e+00	1.006945e+00	8.477584e-03	0.000000e+00	0.000000e+00
6.440972e+01	1.006945e+00	1.006945e+00	8.714561e-03	0.000000e+00	0.000000e+00
6.642361e+01	1.006945e+00	1.006945e+00	8.470733e-03	0.000000e+00	0.000000e+00
6.843750e+01	1.006940e+00	1.006940e+00	9.425542e-03	0.000000e+00	0.000000e+00
7.045139e+01	1.006945e+00	1.006945e+00	9.742564e-03	0.000000e+00	0.000000e+00
7.246527e+01	1.006945e+00	1.006945e+00	1.018942e-02	0.000000e+00	0.000000e+00
7.447916e+01	1.006945e+00	1.006945e+00	1.050022e-02	0.000000e+00	0.000000e+00
7.649305e+01	1.006945e+00	1.006945e+00	1.147243e-02	0.000000e+00	0.000000e+00
7.850695e+01	1.006945e+00	1.006945e+00	1.175693e-02	0.000000e+00	0.000000e+00
8.052084e+01	1.006945e+00	1.006945e+00	1.128337e-02	0.000000e+00	0.000000e+00
8.253473e+01	1.006945e+00	1.006945e+00	1.254942e-02	0.000000e+00	0.000000e+00
8.454861e+01	1.006945e+00	1.006945e+00	1.254974e-02	0.000000e+00	0.000000e+00
8.656250e+01	1.006940e+00	1.006940e+00	1.371655e-02	0.000000e+00	0.000000e+00
8.857639e+01	1.006945e+00	1.006945e+00	1.293815e-02	0.000000e+00	0.000000e+00
9.059027e+01	1.006945e+00	1.006945e+00	1.364511e-02	0.000000e+00	0.000000e+00
9.260416e+01	1.006945e+00	1.006945e+00	1.452606e-02	0.000000e+00	0.000000e+00
9.461805e+01	1.006945e+00	1.006945e+00	1.484015e-02	0.000000e+00	0.000000e+00
9.663195e+01	1.006945e+00	1.006945e+00	1.479391e-02	0.000000e+00	0.000000e+00
9.864584e+01	1.006945e+00	1.006945e+00	1.640352e-02	0.000000e+00	0.000000e+00
1.006597e+02	1.006960e+00	1.006960e+00	1.548673e-02	0.000000e+00	0.000000e+00
1.026737e+02	1.006950e+00	1.006950e+00	1.616797e-02	0.000000e+00	0.000000e+00
1.046875e+02	1.006900e+00	1.006900e+00	1.750269e-02	0.000000e+00	0.000000e+00
1.067013e+02	1.006950e+00	1.006950e+00	1.730837e-02	0.000000e+00	0.000000e+00
1.087152e+02	1.006950e+00	1.006950e+00	1.865178e-02	0.000000e+00	0.000000e+00
1.107292e+02	1.006950e+00	1.006950e+00	1.886292e-02	0.000000e+00	0.000000e+00
1.127430e+02	1.006950e+00	1.006950e+00	1.759366e-02	0.000000e+00	0.000000e+00
1.147570e+02	1.006950e+00	1.006950e+00	1.889613e-02	0.000000e+00	0.000000e+00
1.167708e+02	1.006950e+00	1.006950e+00	2.092410e-02	0.000000e+00	0.000000e+00
1.187848e+02	1.006950e+00	1.006950e+00	2.111838e-02	0.000000e+00	0.000000e+00
1.207987e+02	1.006950e+00	1.006950e+00	2.066527e-02	0.000000e+00	0.000000e+00
1.228125e+02	1.006900e+00	1.006900e+00	2.190678e-02	0.000000e+00	0.000000e+00
1.248263e+02	1.006950e+00	1.006950e+00	2.073376e-02	0.000000e+00	0.000000e+00
1.268402e+02	1.006950e+00	1.006950e+00	2.531558e-02	0.000000e+00	0.000000e+00
1.288542e+02	1.006950e+00	1.006950e+00	2.190251e-02	0.000000e+00	0.000000e+00
1.308680e+02	1.006950e+00	1.006950e+00	2.368880e-02	0.000000e+00	0.000000e+00
1.328820e+02	1.006950e+00	1.006950e+00	2.525892e-02	0.000000e+00	0.000000e+00
1.348958e+02	1.006950e+00	1.006950e+00	2.516225e-02	0.000000e+00	0.000000e+00
1.369098e+02	1.006950e+00	1.006950e+00	2.479918e-02	0.000000e+00	0.000000e+00
1.389237e+02	1.006950e+00	1.006950e+00	2.802144e-02	0.000000e+00	0.000000e+00
1.409375e+02	1.006900e+00	1.006900e+00	2.732285e-02	0.000000e+00	0.000000e+00
1.429513e+02	1.006950e+00	1.006950e+00	2.550398e-02	0.000000e+00	0.000000e+00
1.449652e+02	1.006950e+00	1.006950e+00	2.594283e-02	0.000000e+00	0.000000e+00
1.469792e+02	1.006950e+00	1.006950e+00	2.796516e-02	0.000000e+00	0.000000e+00
1.489930e+02	1.006950e+00	1.006950e+00	3.196829e-02	0.000000e+00	0.000000e+00
