# xval	 xerr-	 xerr+	 yval	 yerr-	 yerr+
1.406250e+01	1.006940e+00	1.006940e+00	3.750161e-04	0.000000e+00	0.000000e+00
1.607639e+01	1.006945e+00	1.006945e+00	3.920062e-04	0.000000e+00	0.000000e+00
1.809027e+01	1.006945e+00	1.006945e+00	3.514514e-04	0.000000e+00	0.000000e+00
2.010417e+01	1.006945e+00	1.006945e+00	2.648273e-04	0.000000e+00	0.000000e+00
2.211805e+01	1.006945e+00	1.006945e+00	2.246157e-04	0.000000e+00	0.000000e+00
2.413195e+01	1.006945e+00	1.006945e+00	3.242108e-04	0.000000e+00	0.000000e+00
2.614583e+01	1.006945e+00	1.006945e+00	4.517517e-04	0.000000e+00	0.000000e+00
2.815973e+01	1.006945e+00	1.006945e+00	6.100470e-04	0.000000e+00	0.000000e+00
3.017361e+01	1.006945e+00	1.006945e+00	7.577631e-04	0.000000e+00	0.000000e+00
3.218750e+01	1.006940e+00	1.006940e+00	9.345275e-04	0.000000e+00	0.000000e+00
3.420139e+01	1.006945e+00	1.006945e+00	1.058911e-03	0.000000e+00	0.000000e+00
3.621527e+01	1.006945e+00	1.006945e+00	1.247265e-03	0.000000e+00	0.000000e+00
3.822916e+01	1.006945e+00	1.006945e+00	1.441935e-03	0.000000e+00	0.000000e+00
4.024305e+01	1.006945e+00	1.006945e+00	1.571195e-03	0.000000e+00	0.000000e+00
4.225695e+01	1.006945e+00	1.006945e+00	1.667690e-03	0.000000e+00	0.000000e+00
4.427084e+01	1.006945e+00	1.006945e+00	1.969680e-03	0.000000e+00	0.000000e+00
4.628473e+01	1.006945e+00	1.006945e+00	2.098478e-03	0.000000e+00	0.000000e+00
4.829861e+01	1.006945e+00	1.006945e+00	2.233001e-03	0.000000e+00	0.000000e+00
5.031250e+01	1.006940e+00	1.006940e+00	2.392343e-03	0.000000e+00	0.000000e+00
5.232639e+01	1.006945e+00	1.006945e+00	2.559688e-03	0.000000e+00	0.000000e+00
5.434027e+01	1.006945e+00	1.006945e+00	2.657942e-03	0.000000e+00	0.000000e+00
5.635416e+01	1.006945e+00	1.006945e+00	2.850693e-03	0.000000e+00	0.000000e+00
5.836805e+01	1.006945e+00	1.006945e+00	2.910303e-03	0.000000e+00	0.000000e+00
6.038195e+01	1.006945e+00	1.006945e+00	2.993153e-03	0.000000e+00	0.000000e+00
6.239584e+01	1.006945e+00	1.006945e+00	3.371428e-03	0.000000e+00	0.000000e+00
6.440972e+01	1.006945e+00	1.006945e+00	3.359041e-03	0.000000e+00	0.000000e+00
6.642361e+01	1.006945e+00	1.006945e+00	3.609700e-03	0.000000e+00	0.000000e+00
6.843750e+01	1.006940e+00	1.006940e+00	3.482181e-03	0.000000e+00	0.000000e+00
7.045139e+01	1.006945e+00	1.006945e+00	3.810450e-03	0.000000e+00	0.000000e+00
7.246527e+01	1.006945e+00	1.006945e+00	3.791194e-03	0.000000e+00	0.000000e+00
7.447916e+01	1.006945e+00	1.006945e+00	3.859396e-03	0.000000e+00	0.000000e+00
7.649305e+01	1.006945e+00	1.006945e+00	3.791137e-03	0.000000e+00	0.000000e+00
7.850695e+01	1.006945e+00	1.006945e+00	4.417047e-03	0.000000e+00	0.000000e+00
8.052084e+01	1.006945e+00	1.006945e+00	4.119498e-03	0.000000e+00	0.000000e+00
8.253473e+01	1.006945e+00	1.006945e+00	3.888637e-03	0.000000e+00	0.000000e+00
8.454861e+01	1.006945e+00	1.006945e+00	4.494084e-03	0.000000e+00	0.000000e+00
8.656250e+01	1.006940e+00	1.006940e+00	4.135875e-03	0.000000e+00	0.000000e+00
8.857639e+01	1.006945e+00	1.006945e+00	4.218120e-03	0.000000e+00	0.000000e+00
9.059027e+01	1.006945e+00	1.006945e+00	4.553814e-03	0.000000e+00	0.000000e+00
9.260416e+01	1.006945e+00	1.006945e+00	4.766576e-03	0.000000e+00	0.000000e+00
9.461805e+01	1.006945e+00	1.006945e+00	3.785790e-03	0.000000e+00	0.000000e+00
9.663195e+01	1.006945e+00	1.006945e+00	4.612692e-03	0.000000e+00	0.000000e+00
9.864584e+01	1.006945e+00	1.006945e+00	4.584414e-03	0.000000e+00	0.000000e+00
1.006597e+02	1.006960e+00	1.006960e+00	4.820490e-03	0.000000e+00	0.000000e+00
1.026737e+02	1.006950e+00	1.006950e+00	4.140804e-03	0.000000e+00	0.000000e+00
1.046875e+02	1.006900e+00	1.006900e+00	4.499323e-03	0.000000e+00	0.000000e+00
1.067013e+02	1.006950e+00	1.006950e+00	4.495431e-03	0.000000e+00	0.000000e+00
1.087152e+02	1.006950e+00	1.006950e+00	4.589463e-03	0.000000e+00	0.000000e+00
1.107292e+02	1.006950e+00	1.006950e+00	4.629699e-03	0.000000e+00	0.000000e+00
1.127430e+02	1.006950e+00	1.006950e+00	4.380189e-03	0.000000e+00	0.000000e+00
1.147570e+02	1.006950e+00	1.006950e+00	5.085211e-03	0.000000e+00	0.000000e+00
1.167708e+02	1.006950e+00	1.006950e+00	4.478544e-03	0.000000e+00	0.000000e+00
1.187848e+02	1.006950e+00	1.006950e+00	4.082326e-03	0.000000e+00	0.000000e+00
1.207987e+02	1.006950e+00	1.006950e+00	4.726745e-03	0.000000e+00	0.000000e+00
1.228125e+02	1.006900e+00	1.006900e+00	4.883620e-03	0.000000e+00	0.000000e+00
1.248263e+02	1.006950e+00	1.006950e+00	4.483641e-03	0.000000e+00	0.000000e+00
1.268402e+02	1.006950e+00	1.006950e+00	4.854365e-03	0.000000e+00	0.000000e+00
1.288542e+02	1.006950e+00	1.006950e+00	4.518561e-03	0.000000e+00	0.000000e+00
1.308680e+02	1.006950e+00	1.006950e+00	4.988384e-03	0.000000e+00	0.000000e+00
1.328820e+02	1.006950e+00	1.006950e+00	4.438788e-03	0.000000e+00	0.000000e+00
1.348958e+02	1.006950e+00	1.006950e+00	4.873783e-03	0.000000e+00	0.000000e+00
1.369098e+02	1.006950e+00	1.006950e+00	4.737589e-03	0.000000e+00	0.000000e+00
1.389237e+02	1.006950e+00	1.006950e+00	5.172398e-03	0.000000e+00	0.000000e+00
1.409375e+02	1.006900e+00	1.006900e+00	4.494171e-03	0.000000e+00	0.000000e+00
1.429513e+02	1.006950e+00	1.006950e+00	4.687148e-03	0.000000e+00	0.000000e+00
1.449652e+02	1.006950e+00	1.006950e+00	3.811259e-03	0.000000e+00	0.000000e+00
1.469792e+02	1.006950e+00	1.006950e+00	4.709833e-03	0.000000e+00	0.000000e+00
1.489930e+02	1.006950e+00	1.006950e+00	4.202069e-03	0.000000e+00	0.000000e+00
