# xval	 xerr-	 xerr+	 yval	 yerr-	 yerr+
1.406250e+01	1.006940e+00	1.006940e+00	2.947382e-04	0.000000e+00	0.000000e+00
1.607639e+01	1.006945e+00	1.006945e+00	2.419447e-04	0.000000e+00	0.000000e+00
1.809027e+01	1.006945e+00	1.006945e+00	5.806974e-05	0.000000e+00	0.000000e+00
2.010417e+01	1.006945e+00	1.006945e+00	4.429751e-05	0.000000e+00	0.000000e+00
2.211805e+01	1.006945e+00	1.006945e+00	3.386508e-05	0.000000e+00	0.000000e+00
2.413195e+01	1.006945e+00	1.006945e+00	3.169989e-05	0.000000e+00	0.000000e+00
2.614583e+01	1.006945e+00	1.006945e+00	2.669464e-05	0.000000e+00	0.000000e+00
2.815973e+01	1.006945e+00	1.006945e+00	5.096373e-05	0.000000e+00	0.000000e+00
3.017361e+01	1.006945e+00	1.006945e+00	8.211178e-05	0.000000e+00	0.000000e+00
3.218750e+01	1.006940e+00	1.006940e+00	1.210443e-04	0.000000e+00	0.000000e+00
3.420139e+01	1.006945e+00	1.006945e+00	1.703102e-04	0.000000e+00	0.000000e+00
3.621527e+01	1.006945e+00	1.006945e+00	2.437436e-04	0.000000e+00	0.000000e+00
3.822916e+01	1.006945e+00	1.006945e+00	3.011902e-04	0.000000e+00	0.000000e+00
4.024305e+01	1.006945e+00	1.006945e+00	4.306095e-04	0.000000e+00	0.000000e+00
4.225695e+01	1.006945e+00	1.006945e+00	6.027902e-04	0.000000e+00	0.000000e+00
4.427084e+01	1.006945e+00	1.006945e+00	7.714525e-04	0.000000e+00	0.000000e+00
4.628473e+01	1.006945e+00	1.006945e+00	9.499949e-04	0.000000e+00	0.000000e+00
4.829861e+01	1.006945e+00	1.006945e+00	1.092096e-03	0.000000e+00	0.000000e+00
5.031250e+01	1.006940e+00	1.006940e+00	1.447309e-03	0.000000e+00	0.000000e+00
5.232639e+01	1.006945e+00	1.006945e+00	1.403388e-03	0.000000e+00	0.000000e+00
5.434027e+01	1.006945e+00	1.006945e+00	1.865871e-03	0.000000e+00	0.000000e+00
5.635416e+01	1.006945e+00	1.006945e+00	2.166152e-03	0.000000e+00	0.000000e+00
5.836805e+01	1.006945e+00	1.006945e+00	2.351237e-03	0.000000e+00	0.000000e+00
6.038195e+01	1.006945e+00	1.006945e+00	2.475953e-03	0.000000e+00	0.000000e+00
6.239584e+01	1.006945e+00	1.006945e+00	3.219305e-03	0.000000e+00	0.000000e+00
6.440972e+01	1.006945e+00	1.006945e+00	3.596658e-03	0.000000e+00	0.000000e+00
6.642361e+01	1.006945e+00	1.006945e+00	4.153470e-03	0.000000e+00	0.000000e+00
6.843750e+01	1.006940e+00	1.006940e+00	4.773703e-03	0.000000e+00	0.000000e+00
7.045139e+01	1.006945e+00	1.006945e+00	5.006814e-03	0.000000e+00	0.000000e+00
7.246527e+01	1.006945e+00	1.006945e+00	5.106589e-03	0.000000e+00	0.000000e+00
7.447916e+01	1.006945e+00	1.006945e+00	5.123987e-03	0.000000e+00	0.000000e+00
7.649305e+01	1.006945e+00	1.006945e+00	6.487182e-03	0.000000e+00	0.000000e+00
7.850695e+01	1.006945e+00	1.006945e+00	6.997720e-03	0.000000e+00	0.000000e+00
8.052084e+01	1.006945e+00	1.006945e+00	7.407787e-03	0.000000e+00	0.000000e+00
8.253473e+01	1.006945e+00	1.006945e+00	6.618176e-03	0.000000e+00	0.000000e+00
8.454861e+01	1.006945e+00	1.006945e+00	8.059780e-03	0.000000e+00	0.000000e+00
8.656250e+01	1.006940e+00	1.006940e+00	8.038032e-03	0.000000e+00	0.000000e+00
8.857639e+01	1.006945e+00	1.006945e+00	8.584884e-03	0.000000e+00	0.000000e+00
9.059027e+01	1.006945e+00	1.006945e+00	8.291733e-03	0.000000e+00	0.000000e+00
9.260416e+01	1.006945e+00	1.006945e+00	1.135733e-02	0.000000e+00	0.000000e+00
9.461805e+01	1.006945e+00	1.006945e+00	1.019917e-02	0.000000e+00	0.000000e+00
9.663195e+01	1.006945e+00	1.006945e+00	1.110510e-02	0.000000e+00	0.000000e+00
9.864584e+01	1.006945e+00	1.006945e+00	1.268557e-02	0.000000e+00	0.000000e+00
1.006597e+02	1.006960e+00	1.006960e+00	1.187800e-02	0.000000e+00	0.000000e+00
1.026737e+02	1.006950e+00	1.006950e+00	1.290704e-02	0.000000e+00	0.000000e+00
1.046875e+02	1.006900e+00	1.006900e+00	1.255162e-02	0.000000e+00	0.000000e+00
1.067013e+02	1.006950e+00	1.006950e+00	1.303952e-02	0.000000e+00	0.000000e+00
1.087152e+02	1.006950e+00	1.006950e+00	1.443596e-02	0.000000e+00	0.000000e+00
1.107292e+02	1.006950e+00	1.006950e+00	1.301614e-02	0.000000e+00	0.000000e+00
1.127430e+02	1.006950e+00	1.006950e+00	1.401312e-02	0.000000e+00	0.000000e+00
1.147570e+02	1.006950e+00	1.006950e+00	1.605378e-02	0.000000e+00	0.000000e+00
1.167708e+02	1.006950e+00	1.006950e+00	1.751766e-02	0.000000e+00	0.000000e+00
1.187848e+02	1.006950e+00	1.006950e+00	1.670159e-02	0.000000e+00	0.000000e+00
1.207987e+02	1.006950e+00	1.006950e+00	1.929964e-02	0.000000e+00	0.000000e+00
1.228125e+02	1.006900e+00	1.006900e+00	1.666782e-02	0.000000e+00	0.000000e+00
1.248263e+02	1.006950e+00	1.006950e+00	1.734619e-02	0.000000e+00	0.000000e+00
1.268402e+02	1.006950e+00	1.006950e+00	1.765145e-02	0.000000e+00	0.000000e+00
1.288542e+02	1.006950e+00	1.006950e+00	2.318685e-02	0.000000e+00	0.000000e+00
1.308680e+02	1.006950e+00	1.006950e+00	1.885951e-02	0.000000e+00	0.000000e+00
1.328820e+02	1.006950e+00	1.006950e+00	2.038777e-02	0.000000e+00	0.000000e+00
1.348958e+02	1.006950e+00	1.006950e+00	1.951008e-02	0.000000e+00	0.000000e+00
1.369098e+02	1.006950e+00	1.006950e+00	2.291198e-02	0.000000e+00	0.000000e+00
1.389237e+02	1.006950e+00	1.006950e+00	2.138729e-02	0.000000e+00	0.000000e+00
1.409375e+02	1.006900e+00	1.006900e+00	1.965323e-02	0.000000e+00	0.000000e+00
1.429513e+02	1.006950e+00	1.006950e+00	2.618027e-02	0.000000e+00	0.000000e+00
1.449652e+02	1.006950e+00	1.006950e+00	2.329989e-02	0.000000e+00	0.000000e+00
1.469792e+02	1.006950e+00	1.006950e+00	2.333266e-02	0.000000e+00	0.000000e+00
1.489930e+02	1.006950e+00	1.006950e+00	2.486192e-02	0.000000e+00	0.000000e+00
