# xval	 xerr-	 xerr+	 yval	 yerr-	 yerr+
1.406250e+01	1.006940e+00	1.006940e+00	2.788822e-04	0.000000e+00	0.000000e+00
1.607639e+01	1.006945e+00	1.006945e+00	2.486112e-04	0.000000e+00	0.000000e+00
1.809027e+01	1.006945e+00	1.006945e+00	1.948674e-04	0.000000e+00	0.000000e+00
2.010417e+01	1.006945e+00	1.006945e+00	1.121666e-04	0.000000e+00	0.000000e+00
2.211805e+01	1.006945e+00	1.006945e+00	4.537100e-05	0.000000e+00	0.000000e+00
2.413195e+01	1.006945e+00	1.006945e+00	2.757843e-05	0.000000e+00	0.000000e+00
2.614583e+01	1.006945e+00	1.006945e+00	3.077951e-05	0.000000e+00	0.000000e+00
2.815973e+01	1.006945e+00	1.006945e+00	3.636456e-05	0.000000e+00	0.000000e+00
3.017361e+01	1.006945e+00	1.006945e+00	5.127613e-05	0.000000e+00	0.000000e+00
3.218750e+01	1.006940e+00	1.006940e+00	7.720208e-05	0.000000e+00	0.000000e+00
3.420139e+01	1.006945e+00	1.006945e+00	1.185917e-04	0.000000e+00	0.000000e+00
3.621527e+01	1.006945e+00	1.006945e+00	1.528396e-04	0.000000e+00	0.000000e+00
3.822916e+01	1.006945e+00	1.006945e+00	1.957392e-04	0.000000e+00	0.000000e+00
4.024305e+01	1.006945e+00	1.006945e+00	2.895995e-04	0.000000e+00	0.000000e+00
4.225695e+01	1.006945e+00	1.006945e+00	3.659052e-04	0.000000e+00	0.000000e+00
4.427084e+01	1.006945e+00	1.006945e+00	4.323001e-04	0.000000e+00	0.000000e+00
4.628473e+01	1.006945e+00	1.006945e+00	5.881974e-04	0.000000e+00	0.000000e+00
4.829861e+01	1.006945e+00	1.006945e+00	6.760901e-04	0.000000e+00	0.000000e+00
5.031250e+01	1.006940e+00	1.006940e+00	8.229053e-04	0.000000e+00	0.000000e+00
5.232639e+01	1.006945e+00	1.006945e+00	9.698208e-04	0.000000e+00	0.000000e+00
5.434027e+01	1.006945e+00	1.006945e+00	1.079170e-03	0.000000e+00	0.000000e+00
5.635416e+01	1.006945e+00	1.006945e+00	1.359220e-03	0.000000e+00	0.000000e+00
5.836805e+01	1.006945e+00	1.006945e+00	1.427257e-03	0.000000e+00	0.000000e+00
6.038195e+01	1.006945e+00	1.006945e+00	1.661983e-03	0.000000e+00	0.000000e+00
6.239584e+01	1.006945e+00	1.006945e+00	1.970059e-03	0.000000e+00	0.000000e+00
6.440972e+01	1.006945e+00	1.006945e+00	2.077159e-03	0.000000e+00	0.000000e+00
6.642361e+01	1.006945e+00	1.006945e+00	2.334230e-03	0.000000e+00	0.000000e+00
6.843750e+01	1.006940e+00	1.006940e+00	2.545928e-03	0.000000e+00	0.000000e+00
7.045139e+01	1.006945e+00	1.006945e+00	2.743536e-03	0.000000e+00	0.000000e+00
7.246527e+01	1.006945e+00	1.006945e+00	3.072939e-03	0.000000e+00	0.000000e+00
7.447916e+01	1.006945e+00	1.006945e+00	3.342046e-03	0.000000e+00	0.000000e+00
7.649305e+01	1.006945e+00	1.006945e+00	3.547229e-03	0.000000e+00	0.000000e+00
7.850695e+01	1.006945e+00	1.006945e+00	3.958863e-03	0.000000e+00	0.000000e+00
8.052084e+01	1.006945e+00	1.006945e+00	3.713331e-03	0.000000e+00	0.000000e+00
8.253473e+01	1.006945e+00	1.006945e+00	4.801609e-03	0.000000e+00	0.000000e+00
8.454861e+01	1.006945e+00	1.006945e+00	4.961228e-03	0.000000e+00	0.000000e+00
8.656250e+01	1.006940e+00	1.006940e+00	5.063969e-03	0.000000e+00	0.000000e+00
8.857639e+01	1.006945e+00	1.006945e+00	5.066708e-03	0.000000e+00	0.000000e+00
9.059027e+01	1.006945e+00	1.006945e+00	5.537000e-03	0.000000e+00	0.000000e+00
9.260416e+01	1.006945e+00	1.006945e+00	5.667613e-03	0.000000e+00	0.000000e+00
9.461805e+01	1.006945e+00	1.006945e+00	5.915988e-03	0.000000e+00	0.000000e+00
9.663195e+01	1.006945e+00	1.006945e+00	6.042122e-03	0.000000e+00	0.000000e+00
9.864584e+01	1.006945e+00	1.006945e+00	6.522407e-03	0.000000e+00	0.000000e+00
1.006597e+02	1.006960e+00	1.006960e+00	7.581458e-03	0.000000e+00	0.000000e+00
1.026737e+02	1.006950e+00	1.006950e+00	6.992895e-03	0.000000e+00	0.000000e+00
1.046875e+02	1.006900e+00	1.006900e+00	7.775927e-03	0.000000e+00	0.000000e+00
1.067013e+02	1.006950e+00	1.006950e+00	7.985073e-03	0.000000e+00	0.000000e+00
1.087152e+02	1.006950e+00	1.006950e+00	8.246403e-03	0.000000e+00	0.000000e+00
1.107292e+02	1.006950e+00	1.006950e+00	7.823118e-03	0.000000e+00	0.000000e+00
1.127430e+02	1.006950e+00	1.006950e+00	8.587024e-03	0.000000e+00	0.000000e+00
1.147570e+02	1.006950e+00	1.006950e+00	9.604048e-03	0.000000e+00	0.000000e+00
1.167708e+02	1.006950e+00	1.006950e+00	1.015977e-02	0.000000e+00	0.000000e+00
1.187848e+02	1.006950e+00	1.006950e+00	8.692628e-03	0.000000e+00	0.000000e+00
1.207987e+02	1.006950e+00	1.006950e+00	8.635078e-03	0.000000e+00	0.000000e+00
1.228125e+02	1.006900e+00	1.006900e+00	1.140973e-02	0.000000e+00	0.000000e+00
1.248263e+02	1.006950e+00	1.006950e+00	1.122867e-02	0.000000e+00	0.000000e+00
1.268402e+02	1.006950e+00	1.006950e+00	9.723344e-03	0.000000e+00	0.000000e+00
1.288542e+02	1.006950e+00	1.006950e+00	9.982644e-03	0.000000e+00	0.000000e+00
1.308680e+02	1.006950e+00	1.006950e+00	1.221900e-02	0.000000e+00	0.000000e+00
1.328820e+02	1.006950e+00	1.006950e+00	1.135188e-02	0.000000e+00	0.000000e+00
1.348958e+02	1.006950e+00	1.006950e+00	1.225156e-02	0.000000e+00	0.000000e+00
1.369098e+02	1.006950e+00	1.006950e+00	1.199978e-02	0.000000e+00	0.000000e+00
1.389237e+02	1.006950e+00	1.006950e+00	1.191044e-02	0.000000e+00	0.000000e+00
1.409375e+02	1.006900e+00	1.006900e+00	1.194743e-02	0.000000e+00	0.000000e+00
1.429513e+02	1.006950e+00	1.006950e+00	1.354216e-02	0.000000e+00	0.000000e+00
1.449652e+02	1.006950e+00	1.006950e+00	1.274379e-02	0.000000e+00	0.000000e+00
1.469792e+02	1.006950e+00	1.006950e+00	1.510415e-02	0.000000e+00	0.000000e+00
1.489930e+02	1.006950e+00	1.006950e+00	1.362772e-02	0.000000e+00	0.000000e+00
