# xval	 xerr-	 xerr+	 yval	 yerr-	 yerr+
1.406250e+01	1.006940e+00	1.006940e+00	4.478506e-04	0.000000e+00	0.000000e+00
1.607639e+01	1.006945e+00	1.006945e+00	4.403755e-04	0.000000e+00	0.000000e+00
1.809027e+01	1.006945e+00	1.006945e+00	3.817070e-04	0.000000e+00	0.000000e+00
2.010417e+01	1.006945e+00	1.006945e+00	2.818412e-04	0.000000e+00	0.000000e+00
2.211805e+01	1.006945e+00	1.006945e+00	2.194931e-04	0.000000e+00	0.000000e+00
2.413195e+01	1.006945e+00	1.006945e+00	3.032925e-04	0.000000e+00	0.000000e+00
2.614583e+01	1.006945e+00	1.006945e+00	4.049175e-04	0.000000e+00	0.000000e+00
2.815973e+01	1.006945e+00	1.006945e+00	5.273136e-04	0.000000e+00	0.000000e+00
3.017361e+01	1.006945e+00	1.006945e+00	6.778389e-04	0.000000e+00	0.000000e+00
3.218750e+01	1.006940e+00	1.006940e+00	7.800678e-04	0.000000e+00	0.000000e+00
3.420139e+01	1.006945e+00	1.006945e+00	9.387899e-04	0.000000e+00	0.000000e+00
3.621527e+01	1.006945e+00	1.006945e+00	1.089918e-03	0.000000e+00	0.000000e+00
3.822916e+01	1.006945e+00	1.006945e+00	1.258585e-03	0.000000e+00	0.000000e+00
4.024305e+01	1.006945e+00	1.006945e+00	1.445390e-03	0.000000e+00	0.000000e+00
4.225695e+01	1.006945e+00	1.006945e+00	1.577619e-03	0.000000e+00	0.000000e+00
4.427084e+01	1.006945e+00	1.006945e+00	1.759537e-03	0.000000e+00	0.000000e+00
4.628473e+01	1.006945e+00	1.006945e+00	1.941582e-03	0.000000e+00	0.000000e+00
4.829861e+01	1.006945e+00	1.006945e+00	2.052390e-03	0.000000e+00	0.000000e+00
5.031250e+01	1.006940e+00	1.006940e+00	2.246530e-03	0.000000e+00	0.000000e+00
5.232639e+01	1.006945e+00	1.006945e+00	2.321413e-03	0.000000e+00	0.000000e+00
5.434027e+01	1.006945e+00	1.006945e+00	2.446536e-03	0.000000e+00	0.000000e+00
5.635416e+01	1.006945e+00	1.006945e+00	2.668012e-03	0.000000e+00	0.000000e+00
5.836805e+01	1.006945e+00	1.006945e+00	2.826753e-03	0.000000e+00	0.000000e+00
6.038195e+01	1.006945e+00	1.006945e+00	3.056081e-03	0.000000e+00	0.000000e+00
6.239584e+01	1.006945e+00	1.006945e+00	3.285896e-03	0.000000e+00	0.000000e+00
6.440972e+01	1.006945e+00	1.006945e+00	3.451141e-03	0.000000e+00	0.000000e+00
6.642361e+01	1.006945e+00	1.006945e+00	3.564964e-03	0.000000e+00	0.000000e+00
6.843750e+01	1.006940e+00	1.006940e+00	3.740710e-03	0.000000e+00	0.000000e+00
7.045139e+01	1.006945e+00	1.006945e+00	3.640612e-03	0.000000e+00	0.000000e+00
7.246527e+01	1.006945e+00	1.006945e+00	4.030643e-03	0.000000e+00	0.000000e+00
7.447916e+01	1.006945e+00	1.006945e+00	4.278088e-03	0.000000e+00	0.000000e+00
7.649305e+01	1.006945e+00	1.006945e+00	4.407272e-03	0.000000e+00	0.000000e+00
7.850695e+01	1.006945e+00	1.006945e+00	4.602553e-03	0.000000e+00	0.000000e+00
8.052084e+01	1.006945e+00	1.006945e+00	4.346856e-03	0.000000e+00	0.000000e+00
8.253473e+01	1.006945e+00	1.006945e+00	4.819858e-03	0.000000e+00	0.000000e+00
8.454861e+01	1.006945e+00	1.006945e+00	4.578638e-03	0.000000e+00	0.000000e+00
8.656250e+01	1.006940e+00	1.006940e+00	4.568884e-03	0.000000e+00	0.000000e+00
8.857639e+01	1.006945e+00	1.006945e+00	5.414011e-03	0.000000e+00	0.000000e+00
9.059027e+01	1.006945e+00	1.006945e+00	4.822473e-03	0.000000e+00	0.000000e+00
9.260416e+01	1.006945e+00	1.006945e+00	5.238271e-03	0.000000e+00	0.000000e+00
9.461805e+01	1.006945e+00	1.006945e+00	5.131849e-03	0.000000e+00	0.000000e+00
9.663195e+01	1.006945e+00	1.006945e+00	5.257264e-03	0.000000e+00	0.000000e+00
9.864584e+01	1.006945e+00	1.006945e+00	5.798660e-03	0.000000e+00	0.000000e+00
1.006597e+02	1.006960e+00	1.006960e+00	5.885093e-03	0.000000e+00	0.000000e+00
1.026737e+02	1.006950e+00	1.006950e+00	5.237519e-03	0.000000e+00	0.000000e+00
1.046875e+02	1.006900e+00	1.006900e+00	5.923024e-03	0.000000e+00	0.000000e+00
1.067013e+02	1.006950e+00	1.006950e+00	6.361201e-03	0.000000e+00	0.000000e+00
1.087152e+02	1.006950e+00	1.006950e+00	6.487476e-03	0.000000e+00	0.000000e+00
1.107292e+02	1.006950e+00	1.006950e+00	6.037235e-03	0.000000e+00	0.000000e+00
1.127430e+02	1.006950e+00	1.006950e+00	5.647170e-03	0.000000e+00	0.000000e+00
1.147570e+02	1.006950e+00	1.006950e+00	6.625737e-03	0.000000e+00	0.000000e+00
1.167708e+02	1.006950e+00	1.006950e+00	6.628541e-03	0.000000e+00	0.000000e+00
1.187848e+02	1.006950e+00	1.006950e+00	5.852930e-03	0.000000e+00	0.000000e+00
1.207987e+02	1.006950e+00	1.006950e+00	6.538479e-03	0.000000e+00	0.000000e+00
1.228125e+02	1.006900e+00	1.006900e+00	7.619413e-03	0.000000e+00	0.000000e+00
1.248263e+02	1.006950e+00	1.006950e+00	6.605495e-03	0.000000e+00	0.000000e+00
1.268402e+02	1.006950e+00	1.006950e+00	7.355237e-03	0.000000e+00	0.000000e+00
1.288542e+02	1.006950e+00	1.006950e+00	6.510938e-03	0.000000e+00	0.000000e+00
1.308680e+02	1.006950e+00	1.006950e+00	7.291104e-03	0.000000e+00	0.000000e+00
1.328820e+02	1.006950e+00	1.006950e+00	6.577576e-03	0.000000e+00	0.000000e+00
1.348958e+02	1.006950e+00	1.006950e+00	7.873406e-03	0.000000e+00	0.000000e+00
1.369098e+02	1.006950e+00	1.006950e+00	7.578454e-03	0.000000e+00	0.000000e+00
1.389237e+02	1.006950e+00	1.006950e+00	6.615875e-03	0.000000e+00	0.000000e+00
1.409375e+02	1.006900e+00	1.006900e+00	8.155712e-03	0.000000e+00	0.000000e+00
1.429513e+02	1.006950e+00	1.006950e+00	6.469817e-03	0.000000e+00	0.000000e+00
1.449652e+02	1.006950e+00	1.006950e+00	7.557699e-03	0.000000e+00	0.000000e+00
1.469792e+02	1.006950e+00	1.006950e+00	7.946825e-03	0.000000e+00	0.000000e+00
1.489930e+02	1.006950e+00	1.006950e+00	8.567064e-03	0.000000e+00	0.000000e+00
