# xval	 xerr-	 xerr+	 yval	 yerr-	 yerr+
1.406250e+01	1.006940e+00	1.006940e+00	2.332928e-03	0.000000e+00	0.000000e+00
1.607639e+01	1.006945e+00	1.006945e+00	2.318857e-03	0.000000e+00	0.000000e+00
1.809027e+01	1.006945e+00	1.006945e+00	1.979256e-03	0.000000e+00	0.000000e+00
2.010417e+01	1.006945e+00	1.006945e+00	2.017425e-03	0.000000e+00	0.000000e+00
2.211805e+01	1.006945e+00	1.006945e+00	2.140751e-03	0.000000e+00	0.000000e+00
2.413195e+01	1.006945e+00	1.006945e+00	2.164905e-03	0.000000e+00	0.000000e+00
2.614583e+01	1.006945e+00	1.006945e+00	2.238281e-03	0.000000e+00	0.000000e+00
2.815973e+01	1.006945e+00	1.006945e+00	2.385445e-03	0.000000e+00	0.000000e+00
3.017361e+01	1.006945e+00	1.006945e+00	2.421800e-03	0.000000e+00	0.000000e+00
3.218750e+01	1.006940e+00	1.006940e+00	2.395278e-03	0.000000e+00	0.000000e+00
3.420139e+01	1.006945e+00	1.006945e+00	2.534004e-03	0.000000e+00	0.000000e+00
3.621527e+01	1.006945e+00	1.006945e+00	2.663474e-03	0.000000e+00	0.000000e+00
3.822916e+01	1.006945e+00	1.006945e+00	2.770308e-03	0.000000e+00	0.000000e+00
4.024305e+01	1.006945e+00	1.006945e+00	2.921545e-03	0.000000e+00	0.000000e+00
4.225695e+01	1.006945e+00	1.006945e+00	3.072781e-03	0.000000e+00	0.000000e+00
4.427084e+01	1.006945e+00	1.006945e+00	3.117591e-03	0.000000e+00	0.000000e+00
4.628473e+01	1.006945e+00	1.006945e+00	3.335817e-03	0.000000e+00	0.000000e+00
4.829861e+01	1.006945e+00	1.006945e+00	3.491420e-03	0.000000e+00	0.000000e+00
5.031250e+01	1.006940e+00	1.006940e+00	3.540121e-03	0.000000e+00	0.000000e+00
5.232639e+01	1.006945e+00	1.006945e+00	3.846271e-03	0.000000e+00	0.000000e+00
5.434027e+01	1.006945e+00	1.006945e+00	3.639834e-03	0.000000e+00	0.000000e+00
5.635416e+01	1.006945e+00	1.006945e+00	3.985284e-03	0.000000e+00	0.000000e+00
5.836805e+01	1.006945e+00	1.006945e+00	4.215579e-03	0.000000e+00	0.000000e+00
6.038195e+01	1.006945e+00	1.006945e+00	4.282458e-03	0.000000e+00	0.000000e+00
6.239584e+01	1.006945e+00	1.006945e+00	4.236123e-03	0.000000e+00	0.000000e+00
6.440972e+01	1.006945e+00	1.006945e+00	4.722080e-03	0.000000e+00	0.000000e+00
6.642361e+01	1.006945e+00	1.006945e+00	5.019345e-03	0.000000e+00	0.000000e+00
6.843750e+01	1.006940e+00	1.006940e+00	4.599016e-03	0.000000e+00	0.000000e+00
7.045139e+01	1.006945e+00	1.006945e+00	5.124404e-03	0.000000e+00	0.000000e+00
7.246527e+01	1.006945e+00	1.006945e+00	5.836579e-03	0.000000e+00	0.000000e+00
7.447916e+01	1.006945e+00	1.006945e+00	5.727341e-03	0.000000e+00	0.000000e+00
7.649305e+01	1.006945e+00	1.006945e+00	5.593553e-03	0.000000e+00	0.000000e+00
7.850695e+01	1.006945e+00	1.006945e+00	6.081949e-03	0.000000e+00	0.000000e+00
8.052084e+01	1.006945e+00	1.006945e+00	6.519689e-03	0.000000e+00	0.000000e+00
8.253473e+01	1.006945e+00	1.006945e+00	7.349728e-03	0.000000e+00	0.000000e+00
8.454861e+01	1.006945e+00	1.006945e+00	6.071180e-03	0.000000e+00	0.000000e+00
8.656250e+01	1.006940e+00	1.006940e+00	7.025047e-03	0.000000e+00	0.000000e+00
8.857639e+01	1.006945e+00	1.006945e+00	6.482253e-03	0.000000e+00	0.000000e+00
9.059027e+01	1.006945e+00	1.006945e+00	7.423289e-03	0.000000e+00	0.000000e+00
9.260416e+01	1.006945e+00	1.006945e+00	7.625269e-03	0.000000e+00	0.000000e+00
9.461805e+01	1.006945e+00	1.006945e+00	7.147835e-03	0.000000e+00	0.000000e+00
9.663195e+01	1.006945e+00	1.006945e+00	7.232787e-03	0.000000e+00	0.000000e+00
9.864584e+01	1.006945e+00	1.006945e+00	8.993936e-03	0.000000e+00	0.000000e+00
1.006597e+02	1.006960e+00	1.006960e+00	8.037932e-03	0.000000e+00	0.000000e+00
1.026737e+02	1.006950e+00	1.006950e+00	9.024136e-03	0.000000e+00	0.000000e+00
1.046875e+02	1.006900e+00	1.006900e+00	7.360467e-03	0.000000e+00	0.000000e+00
1.067013e+02	1.006950e+00	1.006950e+00	8.039327e-03	0.000000e+00	0.000000e+00
1.087152e+02	1.006950e+00	1.006950e+00	8.624720e-03	0.000000e+00	0.000000e+00
1.107292e+02	1.006950e+00	1.006950e+00	9.298350e-03	0.000000e+00	0.000000e+00
1.127430e+02	1.006950e+00	1.006950e+00	9.752623e-03	0.000000e+00	0.000000e+00
1.147570e+02	1.006950e+00	1.006950e+00	9.798563e-03	0.000000e+00	0.000000e+00
1.167708e+02	1.006950e+00	1.006950e+00	9.700338e-03	0.000000e+00	0.000000e+00
1.187848e+02	1.006950e+00	1.006950e+00	9.864925e-03	0.000000e+00	0.000000e+00
1.207987e+02	1.006950e+00	1.006950e+00	1.083708e-02	0.000000e+00	0.000000e+00
1.228125e+02	1.006900e+00	1.006900e+00	9.377200e-03	0.000000e+00	0.000000e+00
1.248263e+02	1.006950e+00	1.006950e+00	1.081811e-02	0.000000e+00	0.000000e+00
1.268402e+02	1.006950e+00	1.006950e+00	1.071636e-02	0.000000e+00	0.000000e+00
1.288542e+02	1.006950e+00	1.006950e+00	1.127020e-02	0.000000e+00	0.000000e+00
1.308680e+02	1.006950e+00	1.006950e+00	8.991945e-03	0.000000e+00	0.000000e+00
1.328820e+02	1.006950e+00	1.006950e+00	1.163037e-02	0.000000e+00	0.000000e+00
1.348958e+02	1.006950e+00	1.006950e+00	1.089644e-02	0.000000e+00	0.000000e+00
1.369098e+02	1.006950e+00	1.006950e+00	1.164238e-02	0.000000e+00	0.000000e+00
1.389237e+02	1.006950e+00	1.006950e+00	1.314644e-02	0.000000e+00	0.000000e+00
1.409375e+02	1.006900e+00	1.006900e+00	1.112440e-02	0.000000e+00	0.000000e+00
1.429513e+02	1.006950e+00	1.006950e+00	1.279201e-02	0.000000e+00	0.000000e+00
1.449652e+02	1.006950e+00	1.006950e+00	1.136999e-02	0.000000e+00	0.000000e+00
1.469792e+02	1.006950e+00	1.006950e+00	1.204991e-02	0.000000e+00	0.000000e+00
1.489930e+02	1.006950e+00	1.006950e+00	1.423422e-02	0.000000e+00	0.000000e+00
