# xval	 xerr-	 xerr+	 yval	 yerr-	 yerr+
1.406250e+01	1.006940e+00	1.006940e+00	1.320626e-04	0.000000e+00	0.000000e+00
1.607639e+01	1.006945e+00	1.006945e+00	1.111200e-04	0.000000e+00	0.000000e+00
1.809027e+01	1.006945e+00	1.006945e+00	-1.063953e-05	0.000000e+00	0.000000e+00
2.010417e+01	1.006945e+00	1.006945e+00	-6.755146e-05	0.000000e+00	0.000000e+00
2.211805e+01	1.006945e+00	1.006945e+00	-6.413051e-05	0.000000e+00	0.000000e+00
2.413195e+01	1.006945e+00	1.006945e+00	-5.318786e-05	0.000000e+00	0.000000e+00
2.614583e+01	1.006945e+00	1.006945e+00	-3.666940e-05	0.000000e+00	0.000000e+00
2.815973e+01	1.006945e+00	1.006945e+00	-1.156885e-05	0.000000e+00	0.000000e+00
3.017361e+01	1.006945e+00	1.006945e+00	2.926525e-05	0.000000e+00	0.000000e+00
3.218750e+01	1.006940e+00	1.006940e+00	8.300769e-05	0.000000e+00	0.000000e+00
3.420139e+01	1.006945e+00	1.006945e+00	1.376684e-04	0.000000e+00	0.000000e+00
3.621527e+01	1.006945e+00	1.006945e+00	2.041580e-04	0.000000e+00	0.000000e+00
3.822916e+01	1.006945e+00	1.006945e+00	2.869462e-04	0.000000e+00	0.000000e+00
4.024305e+01	1.006945e+00	1.006945e+00	4.051732e-04	0.000000e+00	0.000000e+00
4.225695e+01	1.006945e+00	1.006945e+00	5.558802e-04	0.000000e+00	0.000000e+00
4.427084e+01	1.006945e+00	1.006945e+00	6.692312e-04	0.000000e+00	0.000000e+00
4.628473e+01	1.006945e+00	1.006945e+00	7.936676e-04	0.000000e+00	0.000000e+00
4.829861e+01	1.006945e+00	1.006945e+00	1.024864e-03	0.000000e+00	0.000000e+00
5.031250e+01	1.006940e+00	1.006940e+00	1.126480e-03	0.000000e+00	0.000000e+00
5.232639e+01	1.006945e+00	1.006945e+00	1.386748e-03	0.000000e+00	0.000000e+00
5.434027e+01	1.006945e+00	1.006945e+00	1.597554e-03	0.000000e+00	0.000000e+00
5.635416e+01	1.006945e+00	1.006945e+00	1.974279e-03	0.000000e+00	0.000000e+00
5.836805e+01	1.006945e+00	1.006945e+00	2.235835e-03	0.000000e+00	0.000000e+00
6.038195e+01	1.006945e+00	1.006945e+00	2.368883e-03	0.000000e+00	0.000000e+00
6.239584e+01	1.006945e+00	1.006945e+00	2.874935e-03	0.000000e+00	0.000000e+00
6.440972e+01	1.006945e+00	1.006945e+00	3.376162e-03	0.000000e+00	0.000000e+00
6.642361e+01	1.006945e+00	1.006945e+00	3.325418e-03	0.000000e+00	0.000000e+00
6.843750e+01	1.006940e+00	1.006940e+00	3.769840e-03	0.000000e+00	0.000000e+00
7.045139e+01	1.006945e+00	1.006945e+00	4.151570e-03	0.000000e+00	0.000000e+00
7.246527e+01	1.006945e+00	1.006945e+00	4.458107e-03	0.000000e+00	0.000000e+00
7.447916e+01	1.006945e+00	1.006945e+00	4.957140e-03	0.000000e+00	0.000000e+00
7.649305e+01	1.006945e+00	1.006945e+00	5.746394e-03	0.000000e+00	0.000000e+00
7.850695e+01	1.006945e+00	1.006945e+00	5.871464e-03	0.000000e+00	0.000000e+00
8.052084e+01	1.006945e+00	1.006945e+00	6.276898e-03	0.000000e+00	0.000000e+00
8.253473e+01	1.006945e+00	1.006945e+00	6.850623e-03	0.000000e+00	0.000000e+00
8.454861e+01	1.006945e+00	1.006945e+00	7.321775e-03	0.000000e+00	0.000000e+00
8.656250e+01	1.006940e+00	1.006940e+00	8.227659e-03	0.000000e+00	0.000000e+00
8.857639e+01	1.006945e+00	1.006945e+00	7.647961e-03	0.000000e+00	0.000000e+00
9.059027e+01	1.006945e+00	1.006945e+00	8.897403e-03	0.000000e+00	0.000000e+00
9.260416e+01	1.006945e+00	1.006945e+00	9.280384e-03	0.000000e+00	0.000000e+00
9.461805e+01	1.006945e+00	1.006945e+00	1.000618e-02	0.000000e+00	0.000000e+00
9.663195e+01	1.006945e+00	1.006945e+00	1.024695e-02	0.000000e+00	0.000000e+00
9.864584e+01	1.006945e+00	1.006945e+00	1.095269e-02	0.000000e+00	0.000000e+00
1.006597e+02	1.006960e+00	1.006960e+00	1.126586e-02	0.000000e+00	0.000000e+00
1.026737e+02	1.006950e+00	1.006950e+00	1.135175e-02	0.000000e+00	0.000000e+00
1.046875e+02	1.006900e+00	1.006900e+00	1.268847e-02	0.000000e+00	0.000000e+00
1.067013e+02	1.006950e+00	1.006950e+00	1.312051e-02	0.000000e+00	0.000000e+00
1.087152e+02	1.006950e+00	1.006950e+00	1.418824e-02	0.000000e+00	0.000000e+00
1.107292e+02	1.006950e+00	1.006950e+00	1.386836e-02	0.000000e+00	0.000000e+00
1.127430e+02	1.006950e+00	1.006950e+00	1.414850e-02	0.000000e+00	0.000000e+00
1.147570e+02	1.006950e+00	1.006950e+00	1.582704e-02	0.000000e+00	0.000000e+00
1.167708e+02	1.006950e+00	1.006950e+00	1.584634e-02	0.000000e+00	0.000000e+00
1.187848e+02	1.006950e+00	1.006950e+00	1.796983e-02	0.000000e+00	0.000000e+00
1.207987e+02	1.006950e+00	1.006950e+00	1.705671e-02	0.000000e+00	0.000000e+00
1.228125e+02	1.006900e+00	1.006900e+00	1.751956e-02	0.000000e+00	0.000000e+00
1.248263e+02	1.006950e+00	1.006950e+00	1.876987e-02	0.000000e+00	0.000000e+00
1.268402e+02	1.006950e+00	1.006950e+00	1.832657e-02	0.000000e+00	0.000000e+00
1.288542e+02	1.006950e+00	1.006950e+00	1.963161e-02	0.000000e+00	0.000000e+00
1.308680e+02	1.006950e+00	1.006950e+00	1.884387e-02	0.000000e+00	0.000000e+00
1.328820e+02	1.006950e+00	1.006950e+00	2.191656e-02	0.000000e+00	0.000000e+00
1.348958e+02	1.006950e+00	1.006950e+00	2.034610e-02	0.000000e+00	0.000000e+00
1.369098e+02	1.006950e+00	1.006950e+00	2.200938e-02	0.000000e+00	0.000000e+00
1.389237e+02	1.006950e+00	1.006950e+00	2.332134e-02	0.000000e+00	0.000000e+00
1.409375e+02	1.006900e+00	1.006900e+00	2.395741e-02	0.000000e+00	0.000000e+00
1.429513e+02	1.006950e+00	1.006950e+00	2.136799e-02	0.000000e+00	0.000000e+00
1.449652e+02	1.006950e+00	1.006950e+00	2.374206e-02	0.000000e+00	0.000000e+00
1.469792e+02	1.006950e+00	1.006950e+00	2.447287e-02	0.000000e+00	0.000000e+00
1.489930e+02	1.006950e+00	1.006950e+00	2.653516e-02	0.000000e+00	0.000000e+00
