# xval	 xerr-	 xerr+	 yval	 yerr-	 yerr+
1.406250e+01	1.006940e+00	1.006940e+00	5.068165e-04	0.000000e+00	0.000000e+00
1.607639e+01	1.006945e+00	1.006945e+00	4.048445e-04	0.000000e+00	0.000000e+00
1.809027e+01	1.006945e+00	1.006945e+00	8.014473e-05	0.000000e+00	0.000000e+00
2.010417e+01	1.006945e+00	1.006945e+00	9.891132e-05	0.000000e+00	0.000000e+00
2.211805e+01	1.006945e+00	1.006945e+00	1.525715e-04	0.000000e+00	0.000000e+00
2.413195e+01	1.006945e+00	1.006945e+00	2.045197e-04	0.000000e+00	0.000000e+00
2.614583e+01	1.006945e+00	1.006945e+00	2.816813e-04	0.000000e+00	0.000000e+00
2.815973e+01	1.006945e+00	1.006945e+00	3.948757e-04	0.000000e+00	0.000000e+00
3.017361e+01	1.006945e+00	1.006945e+00	5.194106e-04	0.000000e+00	0.000000e+00
3.218750e+01	1.006940e+00	1.006940e+00	6.628723e-04	0.000000e+00	0.000000e+00
3.420139e+01	1.006945e+00	1.006945e+00	8.350323e-04	0.000000e+00	0.000000e+00
3.621527e+01	1.006945e+00	1.006945e+00	1.018055e-03	0.000000e+00	0.000000e+00
3.822916e+01	1.006945e+00	1.006945e+00	1.375378e-03	0.000000e+00	0.000000e+00
4.024305e+01	1.006945e+00	1.006945e+00	1.508248e-03	0.000000e+00	0.000000e+00
4.225695e+01	1.006945e+00	1.006945e+00	1.863939e-03	0.000000e+00	0.000000e+00
4.427084e+01	1.006945e+00	1.006945e+00	2.308072e-03	0.000000e+00	0.000000e+00
4.628473e+01	1.006945e+00	1.006945e+00	2.639698e-03	0.000000e+00	0.000000e+00
4.829861e+01	1.006945e+00	1.006945e+00	2.820743e-03	0.000000e+00	0.000000e+00
5.031250e+01	1.006940e+00	1.006940e+00	3.382888e-03	0.000000e+00	0.000000e+00
5.232639e+01	1.006945e+00	1.006945e+00	3.760177e-03	0.000000e+00	0.000000e+00
5.434027e+01	1.006945e+00	1.006945e+00	4.305674e-03	0.000000e+00	0.000000e+00
5.635416e+01	1.006945e+00	1.006945e+00	5.069806e-03	0.000000e+00	0.000000e+00
5.836805e+01	1.006945e+00	1.006945e+00	5.581208e-03	0.000000e+00	0.000000e+00
6.038195e+01	1.006945e+00	1.006945e+00	5.853277e-03	0.000000e+00	0.000000e+00
6.239584e+01	1.006945e+00	1.006945e+00	6.465380e-03	0.000000e+00	0.000000e+00
6.440972e+01	1.006945e+00	1.006945e+00	7.031222e-03	0.000000e+00	0.000000e+00
6.642361e+01	1.006945e+00	1.006945e+00	8.492043e-03	0.000000e+00	0.000000e+00
6.843750e+01	1.006940e+00	1.006940e+00	8.452462e-03	0.000000e+00	0.000000e+00
7.045139e+01	1.006945e+00	1.006945e+00	9.320045e-03	0.000000e+00	0.000000e+00
7.246527e+01	1.006945e+00	1.006945e+00	1.115667e-02	0.000000e+00	0.000000e+00
7.447916e+01	1.006945e+00	1.006945e+00	1.159825e-02	0.000000e+00	0.000000e+00
7.649305e+01	1.006945e+00	1.006945e+00	1.105181e-02	0.000000e+00	0.000000e+00
7.850695e+01	1.006945e+00	1.006945e+00	1.336180e-02	0.000000e+00	0.000000e+00
8.052084e+01	1.006945e+00	1.006945e+00	1.241791e-02	0.000000e+00	0.000000e+00
8.253473e+01	1.006945e+00	1.006945e+00	1.372733e-02	0.000000e+00	0.000000e+00
8.454861e+01	1.006945e+00	1.006945e+00	1.526765e-02	0.000000e+00	0.000000e+00
8.656250e+01	1.006940e+00	1.006940e+00	1.693673e-02	0.000000e+00	0.000000e+00
8.857639e+01	1.006945e+00	1.006945e+00	1.425688e-02	0.000000e+00	0.000000e+00
9.059027e+01	1.006945e+00	1.006945e+00	1.740539e-02	0.000000e+00	0.000000e+00
9.260416e+01	1.006945e+00	1.006945e+00	1.909250e-02	0.000000e+00	0.000000e+00
9.461805e+01	1.006945e+00	1.006945e+00	2.097756e-02	0.000000e+00	0.000000e+00
9.663195e+01	1.006945e+00	1.006945e+00	2.075288e-02	0.000000e+00	0.000000e+00
9.864584e+01	1.006945e+00	1.006945e+00	1.910847e-02	0.000000e+00	0.000000e+00
1.006597e+02	1.006960e+00	1.006960e+00	2.342864e-02	0.000000e+00	0.000000e+00
1.026737e+02	1.006950e+00	1.006950e+00	2.454924e-02	0.000000e+00	0.000000e+00
1.046875e+02	1.006900e+00	1.006900e+00	1.975500e-02	0.000000e+00	0.000000e+00
1.067013e+02	1.006950e+00	1.006950e+00	2.938173e-02	0.000000e+00	0.000000e+00
1.087152e+02	1.006950e+00	1.006950e+00	3.002736e-02	0.000000e+00	0.000000e+00
1.107292e+02	1.006950e+00	1.006950e+00	2.924154e-02	0.000000e+00	0.000000e+00
1.127430e+02	1.006950e+00	1.006950e+00	2.874935e-02	0.000000e+00	0.000000e+00
1.147570e+02	1.006950e+00	1.006950e+00	2.992625e-02	0.000000e+00	0.000000e+00
1.167708e+02	1.006950e+00	1.006950e+00	3.384696e-02	0.000000e+00	0.000000e+00
1.187848e+02	1.006950e+00	1.006950e+00	2.861924e-02	0.000000e+00	0.000000e+00
1.207987e+02	1.006950e+00	1.006950e+00	3.396188e-02	0.000000e+00	0.000000e+00
1.228125e+02	1.006900e+00	1.006900e+00	3.256758e-02	0.000000e+00	0.000000e+00
1.248263e+02	1.006950e+00	1.006950e+00	3.689603e-02	0.000000e+00	0.000000e+00
1.268402e+02	1.006950e+00	1.006950e+00	3.361963e-02	0.000000e+00	0.000000e+00
1.288542e+02	1.006950e+00	1.006950e+00	3.999349e-02	0.000000e+00	0.000000e+00
1.308680e+02	1.006950e+00	1.006950e+00	3.407226e-02	0.000000e+00	0.000000e+00
1.328820e+02	1.006950e+00	1.006950e+00	3.988949e-02	0.000000e+00	0.000000e+00
1.348958e+02	1.006950e+00	1.006950e+00	4.287753e-02	0.000000e+00	0.000000e+00
1.369098e+02	1.006950e+00	1.006950e+00	4.359844e-02	0.000000e+00	0.000000e+00
1.389237e+02	1.006950e+00	1.006950e+00	3.836970e-02	0.000000e+00	0.000000e+00
1.409375e+02	1.006900e+00	1.006900e+00	4.128032e-02	0.000000e+00	0.000000e+00
1.429513e+02	1.006950e+00	1.006950e+00	4.109113e-02	0.000000e+00	0.000000e+00
1.449652e+02	1.006950e+00	1.006950e+00	4.957138e-02	0.000000e+00	0.000000e+00
1.469792e+02	1.006950e+00	1.006950e+00	4.423139e-02	0.000000e+00	0.000000e+00
1.489930e+02	1.006950e+00	1.006950e+00	4.472810e-02	0.000000e+00	0.000000e+00
