# xval	 xerr-	 xerr+	 yval	 yerr-	 yerr+
1.406250e+01	1.006940e+00	1.006940e+00	1.104557e-03	0.000000e+00	0.000000e+00
1.607639e+01	1.006945e+00	1.006945e+00	1.036842e-03	0.000000e+00	0.000000e+00
1.809027e+01	1.006945e+00	1.006945e+00	7.679986e-04	0.000000e+00	0.000000e+00
2.010417e+01	1.006945e+00	1.006945e+00	8.426405e-04	0.000000e+00	0.000000e+00
2.211805e+01	1.006945e+00	1.006945e+00	9.123470e-04	0.000000e+00	0.000000e+00
2.413195e+01	1.006945e+00	1.006945e+00	9.997752e-04	0.000000e+00	0.000000e+00
2.614583e+01	1.006945e+00	1.006945e+00	1.093566e-03	0.000000e+00	0.000000e+00
2.815973e+01	1.006945e+00	1.006945e+00	1.206123e-03	0.000000e+00	0.000000e+00
3.017361e+01	1.006945e+00	1.006945e+00	1.307724e-03	0.000000e+00	0.000000e+00
3.218750e+01	1.006940e+00	1.006940e+00	1.459710e-03	0.000000e+00	0.000000e+00
3.420139e+01	1.006945e+00	1.006945e+00	1.498910e-03	0.000000e+00	0.000000e+00
3.621527e+01	1.006945e+00	1.006945e+00	1.715440e-03	0.000000e+00	0.000000e+00
3.822916e+01	1.006945e+00	1.006945e+00	1.846538e-03	0.000000e+00	0.000000e+00
4.024305e+01	1.006945e+00	1.006945e+00	1.985988e-03	0.000000e+00	0.000000e+00
4.225695e+01	1.006945e+00	1.006945e+00	2.085787e-03	0.000000e+00	0.000000e+00
4.427084e+01	1.006945e+00	1.006945e+00	2.371690e-03	0.000000e+00	0.000000e+00
4.628473e+01	1.006945e+00	1.006945e+00	2.437814e-03	0.000000e+00	0.000000e+00
4.829861e+01	1.006945e+00	1.006945e+00	2.762945e-03	0.000000e+00	0.000000e+00
5.031250e+01	1.006940e+00	1.006940e+00	2.793632e-03	0.000000e+00	0.000000e+00
5.232639e+01	1.006945e+00	1.006945e+00	3.246646e-03	0.000000e+00	0.000000e+00
5.434027e+01	1.006945e+00	1.006945e+00	3.297009e-03	0.000000e+00	0.000000e+00
5.635416e+01	1.006945e+00	1.006945e+00	3.693179e-03	0.000000e+00	0.000000e+00
5.836805e+01	1.006945e+00	1.006945e+00	3.798055e-03	0.000000e+00	0.000000e+00
6.038195e+01	1.006945e+00	1.006945e+00	3.927204e-03	0.000000e+00	0.000000e+00
6.239584e+01	1.006945e+00	1.006945e+00	4.123257e-03	0.000000e+00	0.000000e+00
6.440972e+01	1.006945e+00	1.006945e+00	4.636480e-03	0.000000e+00	0.000000e+00
6.642361e+01	1.006945e+00	1.006945e+00	4.995468e-03	0.000000e+00	0.000000e+00
6.843750e+01	1.006940e+00	1.006940e+00	5.153805e-03	0.000000e+00	0.000000e+00
7.045139e+01	1.006945e+00	1.006945e+00	5.682216e-03	0.000000e+00	0.000000e+00
7.246527e+01	1.006945e+00	1.006945e+00	6.033397e-03	0.000000e+00	0.000000e+00
7.447916e+01	1.006945e+00	1.006945e+00	6.112240e-03	0.000000e+00	0.000000e+00
7.649305e+01	1.006945e+00	1.006945e+00	6.109075e-03	0.000000e+00	0.000000e+00
7.850695e+01	1.006945e+00	1.006945e+00	6.688530e-03	0.000000e+00	0.000000e+00
8.052084e+01	1.006945e+00	1.006945e+00	8.073428e-03	0.000000e+00	0.000000e+00
8.253473e+01	1.006945e+00	1.006945e+00	6.916259e-03	0.000000e+00	0.000000e+00
8.454861e+01	1.006945e+00	1.006945e+00	8.281446e-03	0.000000e+00	0.000000e+00
8.656250e+01	1.006940e+00	1.006940e+00	8.206111e-03	0.000000e+00	0.000000e+00
8.857639e+01	1.006945e+00	1.006945e+00	8.959505e-03	0.000000e+00	0.000000e+00
9.059027e+01	1.006945e+00	1.006945e+00	9.588927e-03	0.000000e+00	0.000000e+00
9.260416e+01	1.006945e+00	1.006945e+00	1.006395e-02	0.000000e+00	0.000000e+00
9.461805e+01	1.006945e+00	1.006945e+00	1.141716e-02	0.000000e+00	0.000000e+00
9.663195e+01	1.006945e+00	1.006945e+00	1.074233e-02	0.000000e+00	0.000000e+00
9.864584e+01	1.006945e+00	1.006945e+00	1.208778e-02	0.000000e+00	0.000000e+00
1.006597e+02	1.006960e+00	1.006960e+00	1.121172e-02	0.000000e+00	0.000000e+00
1.026737e+02	1.006950e+00	1.006950e+00	1.201898e-02	0.000000e+00	0.000000e+00
1.046875e+02	1.006900e+00	1.006900e+00	1.291793e-02	0.000000e+00	0.000000e+00
1.067013e+02	1.006950e+00	1.006950e+00	1.486000e-02	0.000000e+00	0.000000e+00
1.087152e+02	1.006950e+00	1.006950e+00	1.651991e-02	0.000000e+00	0.000000e+00
1.107292e+02	1.006950e+00	1.006950e+00	1.324234e-02	0.000000e+00	0.000000e+00
1.127430e+02	1.006950e+00	1.006950e+00	1.562468e-02	0.000000e+00	0.000000e+00
1.147570e+02	1.006950e+00	1.006950e+00	1.612624e-02	0.000000e+00	0.000000e+00
1.167708e+02	1.006950e+00	1.006950e+00	1.877501e-02	0.000000e+00	0.000000e+00
1.187848e+02	1.006950e+00	1.006950e+00	1.982012e-02	0.000000e+00	0.000000e+00
1.207987e+02	1.006950e+00	1.006950e+00	1.829634e-02	0.000000e+00	0.000000e+00
1.228125e+02	1.006900e+00	1.006900e+00	2.049628e-02	0.000000e+00	0.000000e+00
1.248263e+02	1.006950e+00	1.006950e+00	2.074690e-02	0.000000e+00	0.000000e+00
1.268402e+02	1.006950e+00	1.006950e+00	1.848665e-02	0.000000e+00	0.000000e+00
1.288542e+02	1.006950e+00	1.006950e+00	2.135145e-02	0.000000e+00	0.000000e+00
1.308680e+02	1.006950e+00	1.006950e+00	2.254821e-02	0.000000e+00	0.000000e+00
1.328820e+02	1.006950e+00	1.006950e+00	2.784515e-02	0.000000e+00	0.000000e+00
1.348958e+02	1.006950e+00	1.006950e+00	2.538239e-02	0.000000e+00	0.000000e+00
1.369098e+02	1.006950e+00	1.006950e+00	2.834929e-02	0.000000e+00	0.000000e+00
1.389237e+02	1.006950e+00	1.006950e+00	2.767931e-02	0.000000e+00	0.000000e+00
1.409375e+02	1.006900e+00	1.006900e+00	2.938124e-02	0.000000e+00	0.000000e+00
1.429513e+02	1.006950e+00	1.006950e+00	2.694652e-02	0.000000e+00	0.000000e+00
1.449652e+02	1.006950e+00	1.006950e+00	3.023537e-02	0.000000e+00	0.000000e+00
1.469792e+02	1.006950e+00	1.006950e+00	2.796489e-02	0.000000e+00	0.000000e+00
1.489930e+02	1.006950e+00	1.006950e+00	2.889252e-02	0.000000e+00	0.000000e+00
