# xval	 xerr-	 xerr+	 yval	 yerr-	 yerr+
1.406250e+01	1.006940e+00	1.006940e+00	7.037147e-04	0.000000e+00	0.000000e+00
1.607639e+01	1.006945e+00	1.006945e+00	6.357232e-04	0.000000e+00	0.000000e+00
1.809027e+01	1.006945e+00	1.006945e+00	3.653192e-04	0.000000e+00	0.000000e+00
2.010417e+01	1.006945e+00	1.006945e+00	2.936877e-04	0.000000e+00	0.000000e+00
2.211805e+01	1.006945e+00	1.006945e+00	3.301574e-04	0.000000e+00	0.000000e+00
2.413195e+01	1.006945e+00	1.006945e+00	3.870937e-04	0.000000e+00	0.000000e+00
2.614583e+01	1.006945e+00	1.006945e+00	4.447950e-04	0.000000e+00	0.000000e+00
2.815973e+01	1.006945e+00	1.006945e+00	5.311693e-04	0.000000e+00	0.000000e+00
3.017361e+01	1.006945e+00	1.006945e+00	6.228104e-04	0.000000e+00	0.000000e+00
3.218750e+01	1.006940e+00	1.006940e+00	7.310409e-04	0.000000e+00	0.000000e+00
3.420139e+01	1.006945e+00	1.006945e+00	8.831763e-04	0.000000e+00	0.000000e+00
3.621527e+01	1.006945e+00	1.006945e+00	1.028307e-03	0.000000e+00	0.000000e+00
3.822916e+01	1.006945e+00	1.006945e+00	1.193353e-03	0.000000e+00	0.000000e+00
4.024305e+01	1.006945e+00	1.006945e+00	1.375393e-03	0.000000e+00	0.000000e+00
4.225695e+01	1.006945e+00	1.006945e+00	1.615331e-03	0.000000e+00	0.000000e+00
4.427084e+01	1.006945e+00	1.006945e+00	1.806544e-03	0.000000e+00	0.000000e+00
4.628473e+01	1.006945e+00	1.006945e+00	2.097666e-03	0.000000e+00	0.000000e+00
4.829861e+01	1.006945e+00	1.006945e+00	2.431016e-03	0.000000e+00	0.000000e+00
5.031250e+01	1.006940e+00	1.006940e+00	2.705792e-03	0.000000e+00	0.000000e+00
5.232639e+01	1.006945e+00	1.006945e+00	2.991717e-03	0.000000e+00	0.000000e+00
5.434027e+01	1.006945e+00	1.006945e+00	3.482941e-03	0.000000e+00	0.000000e+00
5.635416e+01	1.006945e+00	1.006945e+00	3.733042e-03	0.000000e+00	0.000000e+00
5.836805e+01	1.006945e+00	1.006945e+00	4.402342e-03	0.000000e+00	0.000000e+00
6.038195e+01	1.006945e+00	1.006945e+00	4.638848e-03	0.000000e+00	0.000000e+00
6.239584e+01	1.006945e+00	1.006945e+00	5.105294e-03	0.000000e+00	0.000000e+00
6.440972e+01	1.006945e+00	1.006945e+00	5.759469e-03	0.000000e+00	0.000000e+00
6.642361e+01	1.006945e+00	1.006945e+00	6.174987e-03	0.000000e+00	0.000000e+00
6.843750e+01	1.006940e+00	1.006940e+00	6.405829e-03	0.000000e+00	0.000000e+00
7.045139e+01	1.006945e+00	1.006945e+00	7.151424e-03	0.000000e+00	0.000000e+00
7.246527e+01	1.006945e+00	1.006945e+00	7.447829e-03	0.000000e+00	0.000000e+00
7.447916e+01	1.006945e+00	1.006945e+00	8.292984e-03	0.000000e+00	0.000000e+00
7.649305e+01	1.006945e+00	1.006945e+00	9.295404e-03	0.000000e+00	0.000000e+00
7.850695e+01	1.006945e+00	1.006945e+00	9.819028e-03	0.000000e+00	0.000000e+00
8.052084e+01	1.006945e+00	1.006945e+00	9.649622e-03	0.000000e+00	0.000000e+00
8.253473e+01	1.006945e+00	1.006945e+00	1.060319e-02	0.000000e+00	0.000000e+00
8.454861e+01	1.006945e+00	1.006945e+00	1.204458e-02	0.000000e+00	0.000000e+00
8.656250e+01	1.006940e+00	1.006940e+00	1.160443e-02	0.000000e+00	0.000000e+00
8.857639e+01	1.006945e+00	1.006945e+00	1.312980e-02	0.000000e+00	0.000000e+00
9.059027e+01	1.006945e+00	1.006945e+00	1.284951e-02	0.000000e+00	0.000000e+00
9.260416e+01	1.006945e+00	1.006945e+00	1.382351e-02	0.000000e+00	0.000000e+00
9.461805e+01	1.006945e+00	1.006945e+00	1.461446e-02	0.000000e+00	0.000000e+00
9.663195e+01	1.006945e+00	1.006945e+00	1.534372e-02	0.000000e+00	0.000000e+00
9.864584e+01	1.006945e+00	1.006945e+00	1.597270e-02	0.000000e+00	0.000000e+00
1.006597e+02	1.006960e+00	1.006960e+00	1.577638e-02	0.000000e+00	0.000000e+00
1.026737e+02	1.006950e+00	1.006950e+00	1.800477e-02	0.000000e+00	0.000000e+00
1.046875e+02	1.006900e+00	1.006900e+00	1.906002e-02	0.000000e+00	0.000000e+00
1.067013e+02	1.006950e+00	1.006950e+00	1.734472e-02	0.000000e+00	0.000000e+00
1.087152e+02	1.006950e+00	1.006950e+00	2.150233e-02	0.000000e+00	0.000000e+00
1.107292e+02	1.006950e+00	1.006950e+00	1.970461e-02	0.000000e+00	0.000000e+00
1.127430e+02	1.006950e+00	1.006950e+00	2.049627e-02	0.000000e+00	0.000000e+00
1.147570e+02	1.006950e+00	1.006950e+00	2.031579e-02	0.000000e+00	0.000000e+00
1.167708e+02	1.006950e+00	1.006950e+00	2.315412e-02	0.000000e+00	0.000000e+00
1.187848e+02	1.006950e+00	1.006950e+00	2.457965e-02	0.000000e+00	0.000000e+00
1.207987e+02	1.006950e+00	1.006950e+00	2.323680e-02	0.000000e+00	0.000000e+00
1.228125e+02	1.006900e+00	1.006900e+00	2.431771e-02	0.000000e+00	0.000000e+00
1.248263e+02	1.006950e+00	1.006950e+00	2.450293e-02	0.000000e+00	0.000000e+00
1.268402e+02	1.006950e+00	1.006950e+00	2.769818e-02	0.000000e+00	0.000000e+00
1.288542e+02	1.006950e+00	1.006950e+00	2.455215e-02	0.000000e+00	0.000000e+00
1.308680e+02	1.006950e+00	1.006950e+00	2.532991e-02	0.000000e+00	0.000000e+00
1.328820e+02	1.006950e+00	1.006950e+00	3.046499e-02	0.000000e+00	0.000000e+00
1.348958e+02	1.006950e+00	1.006950e+00	2.969817e-02	0.000000e+00	0.000000e+00
1.369098e+02	1.006950e+00	1.006950e+00	2.885287e-02	0.000000e+00	0.000000e+00
1.389237e+02	1.006950e+00	1.006950e+00	3.197151e-02	0.000000e+00	0.000000e+00
1.409375e+02	1.006900e+00	1.006900e+00	3.212791e-02	0.000000e+00	0.000000e+00
1.429513e+02	1.006950e+00	1.006950e+00	2.896549e-02	0.000000e+00	0.000000e+00
1.449652e+02	1.006950e+00	1.006950e+00	3.310926e-02	0.000000e+00	0.000000e+00
1.469792e+02	1.006950e+00	1.006950e+00	3.184857e-02	0.000000e+00	0.000000e+00
1.489930e+02	1.006950e+00	1.006950e+00	3.711187e-02	0.000000e+00	0.000000e+00
