# xval	 xerr-	 xerr+	 yval	 yerr-	 yerr+
1.406250e+01	1.006940e+00	1.006940e+00	1.170347e-03	0.000000e+00	0.000000e+00
1.607639e+01	1.006945e+00	1.006945e+00	1.079739e-03	0.000000e+00	0.000000e+00
1.809027e+01	1.006945e+00	1.006945e+00	7.416494e-04	0.000000e+00	0.000000e+00
2.010417e+01	1.006945e+00	1.006945e+00	8.317987e-04	0.000000e+00	0.000000e+00
2.211805e+01	1.006945e+00	1.006945e+00	8.985435e-04	0.000000e+00	0.000000e+00
2.413195e+01	1.006945e+00	1.006945e+00	1.017196e-03	0.000000e+00	0.000000e+00
2.614583e+01	1.006945e+00	1.006945e+00	1.085391e-03	0.000000e+00	0.000000e+00
2.815973e+01	1.006945e+00	1.006945e+00	1.171617e-03	0.000000e+00	0.000000e+00
3.017361e+01	1.006945e+00	1.006945e+00	1.262181e-03	0.000000e+00	0.000000e+00
3.218750e+01	1.006940e+00	1.006940e+00	1.388753e-03	0.000000e+00	0.000000e+00
3.420139e+01	1.006945e+00	1.006945e+00	1.531008e-03	0.000000e+00	0.000000e+00
3.621527e+01	1.006945e+00	1.006945e+00	1.569336e-03	0.000000e+00	0.000000e+00
3.822916e+01	1.006945e+00	1.006945e+00	1.693167e-03	0.000000e+00	0.000000e+00
4.024305e+01	1.006945e+00	1.006945e+00	1.802374e-03	0.000000e+00	0.000000e+00
4.225695e+01	1.006945e+00	1.006945e+00	2.039456e-03	0.000000e+00	0.000000e+00
4.427084e+01	1.006945e+00	1.006945e+00	2.136801e-03	0.000000e+00	0.000000e+00
4.628473e+01	1.006945e+00	1.006945e+00	2.372615e-03	0.000000e+00	0.000000e+00
4.829861e+01	1.006945e+00	1.006945e+00	2.315746e-03	0.000000e+00	0.000000e+00
5.031250e+01	1.006940e+00	1.006940e+00	2.631554e-03	0.000000e+00	0.000000e+00
5.232639e+01	1.006945e+00	1.006945e+00	2.640197e-03	0.000000e+00	0.000000e+00
5.434027e+01	1.006945e+00	1.006945e+00	3.077816e-03	0.000000e+00	0.000000e+00
5.635416e+01	1.006945e+00	1.006945e+00	3.117825e-03	0.000000e+00	0.000000e+00
5.836805e+01	1.006945e+00	1.006945e+00	3.425556e-03	0.000000e+00	0.000000e+00
6.038195e+01	1.006945e+00	1.006945e+00	3.287334e-03	0.000000e+00	0.000000e+00
6.239584e+01	1.006945e+00	1.006945e+00	3.659619e-03	0.000000e+00	0.000000e+00
6.440972e+01	1.006945e+00	1.006945e+00	4.081401e-03	0.000000e+00	0.000000e+00
6.642361e+01	1.006945e+00	1.006945e+00	4.553329e-03	0.000000e+00	0.000000e+00
6.843750e+01	1.006940e+00	1.006940e+00	4.382875e-03	0.000000e+00	0.000000e+00
7.045139e+01	1.006945e+00	1.006945e+00	4.484545e-03	0.000000e+00	0.000000e+00
7.246527e+01	1.006945e+00	1.006945e+00	5.519312e-03	0.000000e+00	0.000000e+00
7.447916e+01	1.006945e+00	1.006945e+00	5.033592e-03	0.000000e+00	0.000000e+00
7.649305e+01	1.006945e+00	1.006945e+00	5.664903e-03	0.000000e+00	0.000000e+00
7.850695e+01	1.006945e+00	1.006945e+00	5.131659e-03	0.000000e+00	0.000000e+00
8.052084e+01	1.006945e+00	1.006945e+00	6.036338e-03	0.000000e+00	0.000000e+00
8.253473e+01	1.006945e+00	1.006945e+00	6.300914e-03	0.000000e+00	0.000000e+00
8.454861e+01	1.006945e+00	1.006945e+00	6.689900e-03	0.000000e+00	0.000000e+00
8.656250e+01	1.006940e+00	1.006940e+00	7.051396e-03	0.000000e+00	0.000000e+00
8.857639e+01	1.006945e+00	1.006945e+00	6.536531e-03	0.000000e+00	0.000000e+00
9.059027e+01	1.006945e+00	1.006945e+00	7.514258e-03	0.000000e+00	0.000000e+00
9.260416e+01	1.006945e+00	1.006945e+00	8.182750e-03	0.000000e+00	0.000000e+00
9.461805e+01	1.006945e+00	1.006945e+00	7.911530e-03	0.000000e+00	0.000000e+00
9.663195e+01	1.006945e+00	1.006945e+00	8.075065e-03	0.000000e+00	0.000000e+00
9.864584e+01	1.006945e+00	1.006945e+00	1.033136e-02	0.000000e+00	0.000000e+00
1.006597e+02	1.006960e+00	1.006960e+00	9.279382e-03	0.000000e+00	0.000000e+00
1.026737e+02	1.006950e+00	1.006950e+00	9.979755e-03	0.000000e+00	0.000000e+00
1.046875e+02	1.006900e+00	1.006900e+00	8.751372e-03	0.000000e+00	0.000000e+00
1.067013e+02	1.006950e+00	1.006950e+00	1.103373e-02	0.000000e+00	0.000000e+00
1.087152e+02	1.006950e+00	1.006950e+00	1.034061e-02	0.000000e+00	0.000000e+00
1.107292e+02	1.006950e+00	1.006950e+00	1.057880e-02	0.000000e+00	0.000000e+00
1.127430e+02	1.006950e+00	1.006950e+00	1.179340e-02	0.000000e+00	0.000000e+00
1.147570e+02	1.006950e+00	1.006950e+00	1.179914e-02	0.000000e+00	0.000000e+00
1.167708e+02	1.006950e+00	1.006950e+00	1.308114e-02	0.000000e+00	0.000000e+00
1.187848e+02	1.006950e+00	1.006950e+00	1.230585e-02	0.000000e+00	0.000000e+00
1.207987e+02	1.006950e+00	1.006950e+00	1.509584e-02	0.000000e+00	0.000000e+00
1.228125e+02	1.006900e+00	1.006900e+00	1.281048e-02	0.000000e+00	0.000000e+00
1.248263e+02	1.006950e+00	1.006950e+00	1.359262e-02	0.000000e+00	0.000000e+00
1.268402e+02	1.006950e+00	1.006950e+00	1.756879e-02	0.000000e+00	0.000000e+00
1.288542e+02	1.006950e+00	1.006950e+00	1.295437e-02	0.000000e+00	0.000000e+00
1.308680e+02	1.006950e+00	1.006950e+00	1.466378e-02	0.000000e+00	0.000000e+00
1.328820e+02	1.006950e+00	1.006950e+00	1.499142e-02	0.000000e+00	0.000000e+00
1.348958e+02	1.006950e+00	1.006950e+00	1.479162e-02	0.000000e+00	0.000000e+00
1.369098e+02	1.006950e+00	1.006950e+00	2.005247e-02	0.000000e+00	0.000000e+00
1.389237e+02	1.006950e+00	1.006950e+00	1.615472e-02	0.000000e+00	0.000000e+00
1.409375e+02	1.006900e+00	1.006900e+00	1.750085e-02	0.000000e+00	0.000000e+00
1.429513e+02	1.006950e+00	1.006950e+00	2.107021e-02	0.000000e+00	0.000000e+00
1.449652e+02	1.006950e+00	1.006950e+00	1.766443e-02	0.000000e+00	0.000000e+00
1.469792e+02	1.006950e+00	1.006950e+00	1.412046e-02	0.000000e+00	0.000000e+00
1.489930e+02	1.006950e+00	1.006950e+00	2.190964e-02	0.000000e+00	0.000000e+00
