# xval	 xerr-	 xerr+	 yval	 yerr-	 yerr+
1.406250e+01	1.006940e+00	1.006940e+00	3.531446e-03	0.000000e+00	0.000000e+00
1.607639e+01	1.006945e+00	1.006945e+00	3.417962e-03	0.000000e+00	0.000000e+00
1.809027e+01	1.006945e+00	1.006945e+00	2.813128e-03	0.000000e+00	0.000000e+00
2.010417e+01	1.006945e+00	1.006945e+00	3.042000e-03	0.000000e+00	0.000000e+00
2.211805e+01	1.006945e+00	1.006945e+00	3.361650e-03	0.000000e+00	0.000000e+00
2.413195e+01	1.006945e+00	1.006945e+00	3.624867e-03	0.000000e+00	0.000000e+00
2.614583e+01	1.006945e+00	1.006945e+00	3.919966e-03	0.000000e+00	0.000000e+00
2.815973e+01	1.006945e+00	1.006945e+00	4.162306e-03	0.000000e+00	0.000000e+00
3.017361e+01	1.006945e+00	1.006945e+00	4.510174e-03	0.000000e+00	0.000000e+00
3.218750e+01	1.006940e+00	1.006940e+00	4.991184e-03	0.000000e+00	0.000000e+00
3.420139e+01	1.006945e+00	1.006945e+00	5.053304e-03	0.000000e+00	0.000000e+00
3.621527e+01	1.006945e+00	1.006945e+00	5.520138e-03	0.000000e+00	0.000000e+00
3.822916e+01	1.006945e+00	1.006945e+00	5.966324e-03	0.000000e+00	0.000000e+00
4.024305e+01	1.006945e+00	1.006945e+00	6.159181e-03	0.000000e+00	0.000000e+00
4.225695e+01	1.006945e+00	1.006945e+00	6.603686e-03	0.000000e+00	0.000000e+00
4.427084e+01	1.006945e+00	1.006945e+00	6.923098e-03	0.000000e+00	0.000000e+00
4.628473e+01	1.006945e+00	1.006945e+00	7.054005e-03	0.000000e+00	0.000000e+00
4.829861e+01	1.006945e+00	1.006945e+00	7.913629e-03	0.000000e+00	0.000000e+00
5.031250e+01	1.006940e+00	1.006940e+00	7.755523e-03	0.000000e+00	0.000000e+00
5.232639e+01	1.006945e+00	1.006945e+00	8.788679e-03	0.000000e+00	0.000000e+00
5.434027e+01	1.006945e+00	1.006945e+00	8.303992e-03	0.000000e+00	0.000000e+00
5.635416e+01	1.006945e+00	1.006945e+00	9.834198e-03	0.000000e+00	0.000000e+00
5.836805e+01	1.006945e+00	1.006945e+00	9.686276e-03	0.000000e+00	0.000000e+00
6.038195e+01	1.006945e+00	1.006945e+00	9.207350e-03	0.000000e+00	0.000000e+00
6.239584e+01	1.006945e+00	1.006945e+00	1.013111e-02	0.000000e+00	0.000000e+00
6.440972e+01	1.006945e+00	1.006945e+00	1.057554e-02	0.000000e+00	0.000000e+00
6.642361e+01	1.006945e+00	1.006945e+00	1.096057e-02	0.000000e+00	0.000000e+00
6.843750e+01	1.006940e+00	1.006940e+00	1.194151e-02	0.000000e+00	0.000000e+00
7.045139e+01	1.006945e+00	1.006945e+00	1.160775e-02	0.000000e+00	0.000000e+00
7.246527e+01	1.006945e+00	1.006945e+00	1.214398e-02	0.000000e+00	0.000000e+00
7.447916e+01	1.006945e+00	1.006945e+00	1.292216e-02	0.000000e+00	0.000000e+00
7.649305e+01	1.006945e+00	1.006945e+00	1.206216e-02	0.000000e+00	0.000000e+00
7.850695e+01	1.006945e+00	1.006945e+00	1.306445e-02	0.000000e+00	0.000000e+00
8.052084e+01	1.006945e+00	1.006945e+00	1.487636e-02	0.000000e+00	0.000000e+00
8.253473e+01	1.006945e+00	1.006945e+00	1.301262e-02	0.000000e+00	0.000000e+00
8.454861e+01	1.006945e+00	1.006945e+00	1.448185e-02	0.000000e+00	0.000000e+00
8.656250e+01	1.006940e+00	1.006940e+00	1.581674e-02	0.000000e+00	0.000000e+00
8.857639e+01	1.006945e+00	1.006945e+00	1.488507e-02	0.000000e+00	0.000000e+00
9.059027e+01	1.006945e+00	1.006945e+00	1.542759e-02	0.000000e+00	0.000000e+00
9.260416e+01	1.006945e+00	1.006945e+00	1.563499e-02	0.000000e+00	0.000000e+00
9.461805e+01	1.006945e+00	1.006945e+00	1.713324e-02	0.000000e+00	0.000000e+00
9.663195e+01	1.006945e+00	1.006945e+00	1.703709e-02	0.000000e+00	0.000000e+00
9.864584e+01	1.006945e+00	1.006945e+00	1.836742e-02	0.000000e+00	0.000000e+00
1.006597e+02	1.006960e+00	1.006960e+00	1.836885e-02	0.000000e+00	0.000000e+00
1.026737e+02	1.006950e+00	1.006950e+00	1.744757e-02	0.000000e+00	0.000000e+00
1.046875e+02	1.006900e+00	1.006900e+00	1.808369e-02	0.000000e+00	0.000000e+00
1.067013e+02	1.006950e+00	1.006950e+00	1.782700e-02	0.000000e+00	0.000000e+00
1.087152e+02	1.006950e+00	1.006950e+00	2.288323e-02	0.000000e+00	0.000000e+00
1.107292e+02	1.006950e+00	1.006950e+00	1.997197e-02	0.000000e+00	0.000000e+00
1.127430e+02	1.006950e+00	1.006950e+00	2.149309e-02	0.000000e+00	0.000000e+00
1.147570e+02	1.006950e+00	1.006950e+00	1.886611e-02	0.000000e+00	0.000000e+00
1.167708e+02	1.006950e+00	1.006950e+00	2.040101e-02	0.000000e+00	0.000000e+00
1.187848e+02	1.006950e+00	1.006950e+00	2.157650e-02	0.000000e+00	0.000000e+00
1.207987e+02	1.006950e+00	1.006950e+00	2.345696e-02	0.000000e+00	0.000000e+00
1.228125e+02	1.006900e+00	1.006900e+00	2.609802e-02	0.000000e+00	0.000000e+00
1.248263e+02	1.006950e+00	1.006950e+00	2.505771e-02	0.000000e+00	0.000000e+00
1.268402e+02	1.006950e+00	1.006950e+00	2.440159e-02	0.000000e+00	0.000000e+00
1.288542e+02	1.006950e+00	1.006950e+00	2.741039e-02	0.000000e+00	0.000000e+00
1.308680e+02	1.006950e+00	1.006950e+00	2.234146e-02	0.000000e+00	0.000000e+00
1.328820e+02	1.006950e+00	1.006950e+00	3.128751e-02	0.000000e+00	0.000000e+00
1.348958e+02	1.006950e+00	1.006950e+00	2.690840e-02	0.000000e+00	0.000000e+00
1.369098e+02	1.006950e+00	1.006950e+00	3.133133e-02	0.000000e+00	0.000000e+00
1.389237e+02	1.006950e+00	1.006950e+00	2.732436e-02	0.000000e+00	0.000000e+00
1.409375e+02	1.006900e+00	1.006900e+00	3.140602e-02	0.000000e+00	0.000000e+00
1.429513e+02	1.006950e+00	1.006950e+00	3.290220e-02	0.000000e+00	0.000000e+00
1.449652e+02	1.006950e+00	1.006950e+00	2.958586e-02	0.000000e+00	0.000000e+00
1.469792e+02	1.006950e+00	1.006950e+00	3.267908e-02	0.000000e+00	0.000000e+00
1.489930e+02	1.006950e+00	1.006950e+00	2.941981e-02	0.000000e+00	0.000000e+00
