# xval	 xerr-	 xerr+	 yval	 yerr-	 yerr+
1.406250e+01	1.006940e+00	1.006940e+00	9.952240e-05	0.000000e+00	0.000000e+00
1.607639e+01	1.006945e+00	1.006945e+00	1.129606e-04	0.000000e+00	0.000000e+00
1.809027e+01	1.006945e+00	1.006945e+00	9.777030e-05	0.000000e+00	0.000000e+00
2.010417e+01	1.006945e+00	1.006945e+00	4.191242e-05	0.000000e+00	0.000000e+00
2.211805e+01	1.006945e+00	1.006945e+00	-1.722835e-05	0.000000e+00	0.000000e+00
2.413195e+01	1.006945e+00	1.006945e+00	-8.869902e-06	0.000000e+00	0.000000e+00
2.614583e+01	1.006945e+00	1.006945e+00	3.932595e-05	0.000000e+00	0.000000e+00
2.815973e+01	1.006945e+00	1.006945e+00	1.068272e-04	0.000000e+00	0.000000e+00
3.017361e+01	1.006945e+00	1.006945e+00	1.842376e-04	0.000000e+00	0.000000e+00
3.218750e+01	1.006940e+00	1.006940e+00	2.748644e-04	0.000000e+00	0.000000e+00
3.420139e+01	1.006945e+00	1.006945e+00	4.075911e-04	0.000000e+00	0.000000e+00
3.621527e+01	1.006945e+00	1.006945e+00	5.267022e-04	0.000000e+00	0.000000e+00
3.822916e+01	1.006945e+00	1.006945e+00	6.611704e-04	0.000000e+00	0.000000e+00
4.024305e+01	1.006945e+00	1.006945e+00	8.180929e-04	0.000000e+00	0.000000e+00
4.225695e+01	1.006945e+00	1.006945e+00	9.948302e-04	0.000000e+00	0.000000e+00
4.427084e+01	1.006945e+00	1.006945e+00	1.160857e-03	0.000000e+00	0.000000e+00
4.628473e+01	1.006945e+00	1.006945e+00	1.333749e-03	0.000000e+00	0.000000e+00
4.829861e+01	1.006945e+00	1.006945e+00	1.666749e-03	0.000000e+00	0.000000e+00
5.031250e+01	1.006940e+00	1.006940e+00	1.738261e-03	0.000000e+00	0.000000e+00
5.232639e+01	1.006945e+00	1.006945e+00	2.033615e-03	0.000000e+00	0.000000e+00
5.434027e+01	1.006945e+00	1.006945e+00	2.303813e-03	0.000000e+00	0.000000e+00
5.635416e+01	1.006945e+00	1.006945e+00	2.568473e-03	0.000000e+00	0.000000e+00
5.836805e+01	1.006945e+00	1.006945e+00	2.735989e-03	0.000000e+00	0.000000e+00
6.038195e+01	1.006945e+00	1.006945e+00	3.000617e-03	0.000000e+00	0.000000e+00
6.239584e+01	1.006945e+00	1.006945e+00	3.332374e-03	0.000000e+00	0.000000e+00
6.440972e+01	1.006945e+00	1.006945e+00	3.672633e-03	0.000000e+00	0.000000e+00
6.642361e+01	1.006945e+00	1.006945e+00	3.587044e-03	0.000000e+00	0.000000e+00
6.843750e+01	1.006940e+00	1.006940e+00	3.920857e-03	0.000000e+00	0.000000e+00
7.045139e+01	1.006945e+00	1.006945e+00	4.479043e-03	0.000000e+00	0.000000e+00
7.246527e+01	1.006945e+00	1.006945e+00	4.375778e-03	0.000000e+00	0.000000e+00
7.447916e+01	1.006945e+00	1.006945e+00	5.295756e-03	0.000000e+00	0.000000e+00
7.649305e+01	1.006945e+00	1.006945e+00	4.839503e-03	0.000000e+00	0.000000e+00
7.850695e+01	1.006945e+00	1.006945e+00	5.742998e-03	0.000000e+00	0.000000e+00
8.052084e+01	1.006945e+00	1.006945e+00	5.732078e-03	0.000000e+00	0.000000e+00
8.253473e+01	1.006945e+00	1.006945e+00	6.619185e-03	0.000000e+00	0.000000e+00
8.454861e+01	1.006945e+00	1.006945e+00	6.164837e-03	0.000000e+00	0.000000e+00
8.656250e+01	1.006940e+00	1.006940e+00	6.924260e-03	0.000000e+00	0.000000e+00
8.857639e+01	1.006945e+00	1.006945e+00	6.697037e-03	0.000000e+00	0.000000e+00
9.059027e+01	1.006945e+00	1.006945e+00	6.888850e-03	0.000000e+00	0.000000e+00
9.260416e+01	1.006945e+00	1.006945e+00	7.499657e-03	0.000000e+00	0.000000e+00
9.461805e+01	1.006945e+00	1.006945e+00	7.564897e-03	0.000000e+00	0.000000e+00
9.663195e+01	1.006945e+00	1.006945e+00	7.284618e-03	0.000000e+00	0.000000e+00
9.864584e+01	1.006945e+00	1.006945e+00	8.346908e-03	0.000000e+00	0.000000e+00
1.006597e+02	1.006960e+00	1.006960e+00	8.751190e-03	0.000000e+00	0.000000e+00
1.026737e+02	1.006950e+00	1.006950e+00	8.459596e-03	0.000000e+00	0.000000e+00
1.046875e+02	1.006900e+00	1.006900e+00	9.047670e-03	0.000000e+00	0.000000e+00
1.067013e+02	1.006950e+00	1.006950e+00	8.974329e-03	0.000000e+00	0.000000e+00
1.087152e+02	1.006950e+00	1.006950e+00	8.231781e-03	0.000000e+00	0.000000e+00
1.107292e+02	1.006950e+00	1.006950e+00	9.850001e-03	0.000000e+00	0.000000e+00
1.127430e+02	1.006950e+00	1.006950e+00	9.557515e-03	0.000000e+00	0.000000e+00
1.147570e+02	1.006950e+00	1.006950e+00	1.019821e-02	0.000000e+00	0.000000e+00
1.167708e+02	1.006950e+00	1.006950e+00	1.048219e-02	0.000000e+00	0.000000e+00
1.187848e+02	1.006950e+00	1.006950e+00	9.063393e-03	0.000000e+00	0.000000e+00
1.207987e+02	1.006950e+00	1.006950e+00	1.089990e-02	0.000000e+00	0.000000e+00
1.228125e+02	1.006900e+00	1.006900e+00	1.051057e-02	0.000000e+00	0.000000e+00
1.248263e+02	1.006950e+00	1.006950e+00	1.107192e-02	0.000000e+00	0.000000e+00
1.268402e+02	1.006950e+00	1.006950e+00	1.108018e-02	0.000000e+00	0.000000e+00
1.288542e+02	1.006950e+00	1.006950e+00	1.094739e-02	0.000000e+00	0.000000e+00
1.308680e+02	1.006950e+00	1.006950e+00	1.310548e-02	0.000000e+00	0.000000e+00
1.328820e+02	1.006950e+00	1.006950e+00	1.038944e-02	0.000000e+00	0.000000e+00
1.348958e+02	1.006950e+00	1.006950e+00	1.294927e-02	0.000000e+00	0.000000e+00
1.369098e+02	1.006950e+00	1.006950e+00	1.184496e-02	0.000000e+00	0.000000e+00
1.389237e+02	1.006950e+00	1.006950e+00	1.189971e-02	0.000000e+00	0.000000e+00
1.409375e+02	1.006900e+00	1.006900e+00	1.335341e-02	0.000000e+00	0.000000e+00
1.429513e+02	1.006950e+00	1.006950e+00	1.097036e-02	0.000000e+00	0.000000e+00
1.449652e+02	1.006950e+00	1.006950e+00	1.394406e-02	0.000000e+00	0.000000e+00
1.469792e+02	1.006950e+00	1.006950e+00	1.272548e-02	0.000000e+00	0.000000e+00
1.489930e+02	1.006950e+00	1.006950e+00	1.421600e-02	0.000000e+00	0.000000e+00
