# xval	 xerr-	 xerr+	 yval	 yerr-	 yerr+
1.406250e+01	1.006940e+00	1.006940e+00	1.275684e-03	0.000000e+00	0.000000e+00
1.607639e+01	1.006945e+00	1.006945e+00	1.204371e-03	0.000000e+00	0.000000e+00
1.809027e+01	1.006945e+00	1.006945e+00	8.595911e-04	0.000000e+00	0.000000e+00
2.010417e+01	1.006945e+00	1.006945e+00	8.694810e-04	0.000000e+00	0.000000e+00
2.211805e+01	1.006945e+00	1.006945e+00	1.026031e-03	0.000000e+00	0.000000e+00
2.413195e+01	1.006945e+00	1.006945e+00	1.180171e-03	0.000000e+00	0.000000e+00
2.614583e+01	1.006945e+00	1.006945e+00	1.326904e-03	0.000000e+00	0.000000e+00
2.815973e+01	1.006945e+00	1.006945e+00	1.525802e-03	0.000000e+00	0.000000e+00
3.017361e+01	1.006945e+00	1.006945e+00	1.652472e-03	0.000000e+00	0.000000e+00
3.218750e+01	1.006940e+00	1.006940e+00	1.843082e-03	0.000000e+00	0.000000e+00
3.420139e+01	1.006945e+00	1.006945e+00	1.996331e-03	0.000000e+00	0.000000e+00
3.621527e+01	1.006945e+00	1.006945e+00	2.166897e-03	0.000000e+00	0.000000e+00
3.822916e+01	1.006945e+00	1.006945e+00	2.355999e-03	0.000000e+00	0.000000e+00
4.024305e+01	1.006945e+00	1.006945e+00	2.527563e-03	0.000000e+00	0.000000e+00
4.225695e+01	1.006945e+00	1.006945e+00	2.695907e-03	0.000000e+00	0.000000e+00
4.427084e+01	1.006945e+00	1.006945e+00	2.879275e-03	0.000000e+00	0.000000e+00
4.628473e+01	1.006945e+00	1.006945e+00	3.034228e-03	0.000000e+00	0.000000e+00
4.829861e+01	1.006945e+00	1.006945e+00	3.211564e-03	0.000000e+00	0.000000e+00
5.031250e+01	1.006940e+00	1.006940e+00	3.367763e-03	0.000000e+00	0.000000e+00
5.232639e+01	1.006945e+00	1.006945e+00	3.509199e-03	0.000000e+00	0.000000e+00
5.434027e+01	1.006945e+00	1.006945e+00	3.783722e-03	0.000000e+00	0.000000e+00
5.635416e+01	1.006945e+00	1.006945e+00	3.856006e-03	0.000000e+00	0.000000e+00
5.836805e+01	1.006945e+00	1.006945e+00	4.011177e-03	0.000000e+00	0.000000e+00
6.038195e+01	1.006945e+00	1.006945e+00	4.331788e-03	0.000000e+00	0.000000e+00
6.239584e+01	1.006945e+00	1.006945e+00	4.343061e-03	0.000000e+00	0.000000e+00
6.440972e+01	1.006945e+00	1.006945e+00	4.710878e-03	0.000000e+00	0.000000e+00
6.642361e+01	1.006945e+00	1.006945e+00	4.556193e-03	0.000000e+00	0.000000e+00
6.843750e+01	1.006940e+00	1.006940e+00	4.550181e-03	0.000000e+00	0.000000e+00
7.045139e+01	1.006945e+00	1.006945e+00	4.994975e-03	0.000000e+00	0.000000e+00
7.246527e+01	1.006945e+00	1.006945e+00	5.223998e-03	0.000000e+00	0.000000e+00
7.447916e+01	1.006945e+00	1.006945e+00	5.125274e-03	0.000000e+00	0.000000e+00
7.649305e+01	1.006945e+00	1.006945e+00	5.567439e-03	0.000000e+00	0.000000e+00
7.850695e+01	1.006945e+00	1.006945e+00	5.677685e-03	0.000000e+00	0.000000e+00
8.052084e+01	1.006945e+00	1.006945e+00	5.255602e-03	0.000000e+00	0.000000e+00
8.253473e+01	1.006945e+00	1.006945e+00	6.296317e-03	0.000000e+00	0.000000e+00
8.454861e+01	1.006945e+00	1.006945e+00	5.955552e-03	0.000000e+00	0.000000e+00
8.656250e+01	1.006940e+00	1.006940e+00	6.386935e-03	0.000000e+00	0.000000e+00
8.857639e+01	1.006945e+00	1.006945e+00	6.051130e-03	0.000000e+00	0.000000e+00
9.059027e+01	1.006945e+00	1.006945e+00	6.589296e-03	0.000000e+00	0.000000e+00
9.260416e+01	1.006945e+00	1.006945e+00	6.542234e-03	0.000000e+00	0.000000e+00
9.461805e+01	1.006945e+00	1.006945e+00	6.924335e-03	0.000000e+00	0.000000e+00
9.663195e+01	1.006945e+00	1.006945e+00	6.592377e-03	0.000000e+00	0.000000e+00
9.864584e+01	1.006945e+00	1.006945e+00	7.351856e-03	0.000000e+00	0.000000e+00
1.006597e+02	1.006960e+00	1.006960e+00	6.847135e-03	0.000000e+00	0.000000e+00
1.026737e+02	1.006950e+00	1.006950e+00	7.064347e-03	0.000000e+00	0.000000e+00
1.046875e+02	1.006900e+00	1.006900e+00	7.762830e-03	0.000000e+00	0.000000e+00
1.067013e+02	1.006950e+00	1.006950e+00	7.260739e-03	0.000000e+00	0.000000e+00
1.087152e+02	1.006950e+00	1.006950e+00	7.537985e-03	0.000000e+00	0.000000e+00
1.107292e+02	1.006950e+00	1.006950e+00	7.257454e-03	0.000000e+00	0.000000e+00
1.127430e+02	1.006950e+00	1.006950e+00	8.135941e-03	0.000000e+00	0.000000e+00
1.147570e+02	1.006950e+00	1.006950e+00	8.110031e-03	0.000000e+00	0.000000e+00
1.167708e+02	1.006950e+00	1.006950e+00	7.625213e-03	0.000000e+00	0.000000e+00
1.187848e+02	1.006950e+00	1.006950e+00	9.477197e-03	0.000000e+00	0.000000e+00
1.207987e+02	1.006950e+00	1.006950e+00	8.540304e-03	0.000000e+00	0.000000e+00
1.228125e+02	1.006900e+00	1.006900e+00	8.775965e-03	0.000000e+00	0.000000e+00
1.248263e+02	1.006950e+00	1.006950e+00	9.180313e-03	0.000000e+00	0.000000e+00
1.268402e+02	1.006950e+00	1.006950e+00	8.962760e-03	0.000000e+00	0.000000e+00
1.288542e+02	1.006950e+00	1.006950e+00	9.133543e-03	0.000000e+00	0.000000e+00
1.308680e+02	1.006950e+00	1.006950e+00	8.829032e-03	0.000000e+00	0.000000e+00
1.328820e+02	1.006950e+00	1.006950e+00	9.092360e-03	0.000000e+00	0.000000e+00
1.348958e+02	1.006950e+00	1.006950e+00	9.679877e-03	0.000000e+00	0.000000e+00
1.369098e+02	1.006950e+00	1.006950e+00	1.034203e-02	0.000000e+00	0.000000e+00
1.389237e+02	1.006950e+00	1.006950e+00	9.114109e-03	0.000000e+00	0.000000e+00
1.409375e+02	1.006900e+00	1.006900e+00	1.047386e-02	0.000000e+00	0.000000e+00
1.429513e+02	1.006950e+00	1.006950e+00	9.367182e-03	0.000000e+00	0.000000e+00
1.449652e+02	1.006950e+00	1.006950e+00	1.069452e-02	0.000000e+00	0.000000e+00
1.469792e+02	1.006950e+00	1.006950e+00	1.019995e-02	0.000000e+00	0.000000e+00
1.489930e+02	1.006950e+00	1.006950e+00	1.118032e-02	0.000000e+00	0.000000e+00
