# xval	 xerr-	 xerr+	 yval	 yerr-	 yerr+
1.406250e+01	1.006940e+00	1.006940e+00	2.669300e-04	0.000000e+00	0.000000e+00
1.607639e+01	1.006945e+00	1.006945e+00	2.746742e-04	0.000000e+00	0.000000e+00
1.809027e+01	1.006945e+00	1.006945e+00	2.513578e-04	0.000000e+00	0.000000e+00
2.010417e+01	1.006945e+00	1.006945e+00	1.720771e-04	0.000000e+00	0.000000e+00
2.211805e+01	1.006945e+00	1.006945e+00	1.107643e-04	0.000000e+00	0.000000e+00
2.413195e+01	1.006945e+00	1.006945e+00	1.631906e-04	0.000000e+00	0.000000e+00
2.614583e+01	1.006945e+00	1.006945e+00	2.911746e-04	0.000000e+00	0.000000e+00
2.815973e+01	1.006945e+00	1.006945e+00	4.171031e-04	0.000000e+00	0.000000e+00
3.017361e+01	1.006945e+00	1.006945e+00	5.892558e-04	0.000000e+00	0.000000e+00
3.218750e+01	1.006940e+00	1.006940e+00	7.664290e-04	0.000000e+00	0.000000e+00
3.420139e+01	1.006945e+00	1.006945e+00	9.631489e-04	0.000000e+00	0.000000e+00
3.621527e+01	1.006945e+00	1.006945e+00	1.188488e-03	0.000000e+00	0.000000e+00
3.822916e+01	1.006945e+00	1.006945e+00	1.478703e-03	0.000000e+00	0.000000e+00
4.024305e+01	1.006945e+00	1.006945e+00	1.689815e-03	0.000000e+00	0.000000e+00
4.225695e+01	1.006945e+00	1.006945e+00	1.897305e-03	0.000000e+00	0.000000e+00
4.427084e+01	1.006945e+00	1.006945e+00	2.271711e-03	0.000000e+00	0.000000e+00
4.628473e+01	1.006945e+00	1.006945e+00	2.562073e-03	0.000000e+00	0.000000e+00
4.829861e+01	1.006945e+00	1.006945e+00	2.718531e-03	0.000000e+00	0.000000e+00
5.031250e+01	1.006940e+00	1.006940e+00	3.123787e-03	0.000000e+00	0.000000e+00
5.232639e+01	1.006945e+00	1.006945e+00	3.514425e-03	0.000000e+00	0.000000e+00
5.434027e+01	1.006945e+00	1.006945e+00	3.758126e-03	0.000000e+00	0.000000e+00
5.635416e+01	1.006945e+00	1.006945e+00	4.226064e-03	0.000000e+00	0.000000e+00
5.836805e+01	1.006945e+00	1.006945e+00	4.518905e-03	0.000000e+00	0.000000e+00
6.038195e+01	1.006945e+00	1.006945e+00	4.938489e-03	0.000000e+00	0.000000e+00
6.239584e+01	1.006945e+00	1.006945e+00	5.297249e-03	0.000000e+00	0.000000e+00
6.440972e+01	1.006945e+00	1.006945e+00	5.685557e-03	0.000000e+00	0.000000e+00
6.642361e+01	1.006945e+00	1.006945e+00	6.123279e-03	0.000000e+00	0.000000e+00
6.843750e+01	1.006940e+00	1.006940e+00	6.513004e-03	0.000000e+00	0.000000e+00
7.045139e+01	1.006945e+00	1.006945e+00	6.713832e-03	0.000000e+00	0.000000e+00
7.246527e+01	1.006945e+00	1.006945e+00	6.694562e-03	0.000000e+00	0.000000e+00
7.447916e+01	1.006945e+00	1.006945e+00	7.643370e-03	0.000000e+00	0.000000e+00
7.649305e+01	1.006945e+00	1.006945e+00	7.967297e-03	0.000000e+00	0.000000e+00
7.850695e+01	1.006945e+00	1.006945e+00	8.185916e-03	0.000000e+00	0.000000e+00
8.052084e+01	1.006945e+00	1.006945e+00	8.513289e-03	0.000000e+00	0.000000e+00
8.253473e+01	1.006945e+00	1.006945e+00	9.080775e-03	0.000000e+00	0.000000e+00
8.454861e+01	1.006945e+00	1.006945e+00	9.294788e-03	0.000000e+00	0.000000e+00
8.656250e+01	1.006940e+00	1.006940e+00	1.018436e-02	0.000000e+00	0.000000e+00
8.857639e+01	1.006945e+00	1.006945e+00	1.071180e-02	0.000000e+00	0.000000e+00
9.059027e+01	1.006945e+00	1.006945e+00	1.158089e-02	0.000000e+00	0.000000e+00
9.260416e+01	1.006945e+00	1.006945e+00	1.073724e-02	0.000000e+00	0.000000e+00
9.461805e+01	1.006945e+00	1.006945e+00	1.086583e-02	0.000000e+00	0.000000e+00
9.663195e+01	1.006945e+00	1.006945e+00	1.213243e-02	0.000000e+00	0.000000e+00
9.864584e+01	1.006945e+00	1.006945e+00	1.170761e-02	0.000000e+00	0.000000e+00
1.006597e+02	1.006960e+00	1.006960e+00	1.347550e-02	0.000000e+00	0.000000e+00
1.026737e+02	1.006950e+00	1.006950e+00	1.324169e-02	0.000000e+00	0.000000e+00
1.046875e+02	1.006900e+00	1.006900e+00	1.288223e-02	0.000000e+00	0.000000e+00
1.067013e+02	1.006950e+00	1.006950e+00	1.400644e-02	0.000000e+00	0.000000e+00
1.087152e+02	1.006950e+00	1.006950e+00	1.435599e-02	0.000000e+00	0.000000e+00
1.107292e+02	1.006950e+00	1.006950e+00	1.428899e-02	0.000000e+00	0.000000e+00
1.127430e+02	1.006950e+00	1.006950e+00	1.458114e-02	0.000000e+00	0.000000e+00
1.147570e+02	1.006950e+00	1.006950e+00	1.647789e-02	0.000000e+00	0.000000e+00
1.167708e+02	1.006950e+00	1.006950e+00	1.643386e-02	0.000000e+00	0.000000e+00
1.187848e+02	1.006950e+00	1.006950e+00	1.559767e-02	0.000000e+00	0.000000e+00
1.207987e+02	1.006950e+00	1.006950e+00	1.666510e-02	0.000000e+00	0.000000e+00
1.228125e+02	1.006900e+00	1.006900e+00	1.704856e-02	0.000000e+00	0.000000e+00
1.248263e+02	1.006950e+00	1.006950e+00	1.768711e-02	0.000000e+00	0.000000e+00
1.268402e+02	1.006950e+00	1.006950e+00	1.799286e-02	0.000000e+00	0.000000e+00
1.288542e+02	1.006950e+00	1.006950e+00	1.850480e-02	0.000000e+00	0.000000e+00
1.308680e+02	1.006950e+00	1.006950e+00	1.826936e-02	0.000000e+00	0.000000e+00
1.328820e+02	1.006950e+00	1.006950e+00	1.964760e-02	0.000000e+00	0.000000e+00
1.348958e+02	1.006950e+00	1.006950e+00	2.315227e-02	0.000000e+00	0.000000e+00
1.369098e+02	1.006950e+00	1.006950e+00	2.003932e-02	0.000000e+00	0.000000e+00
1.389237e+02	1.006950e+00	1.006950e+00	2.111554e-02	0.000000e+00	0.000000e+00
1.409375e+02	1.006900e+00	1.006900e+00	2.049776e-02	0.000000e+00	0.000000e+00
1.429513e+02	1.006950e+00	1.006950e+00	2.069337e-02	0.000000e+00	0.000000e+00
1.449652e+02	1.006950e+00	1.006950e+00	2.248361e-02	0.000000e+00	0.000000e+00
1.469792e+02	1.006950e+00	1.006950e+00	2.336339e-02	0.000000e+00	0.000000e+00
1.489930e+02	1.006950e+00	1.006950e+00	2.249079e-02	0.000000e+00	0.000000e+00
