# xval	 xerr-	 xerr+	 yval	 yerr-	 yerr+
1.406250e+01	1.006940e+00	1.006940e+00	3.142683e-04	0.000000e+00	0.000000e+00
1.607639e+01	1.006945e+00	1.006945e+00	2.420090e-04	0.000000e+00	0.000000e+00
1.809027e+01	1.006945e+00	1.006945e+00	5.732874e-06	0.000000e+00	0.000000e+00
2.010417e+01	1.006945e+00	1.006945e+00	1.553222e-05	0.000000e+00	0.000000e+00
2.211805e+01	1.006945e+00	1.006945e+00	4.321060e-05	0.000000e+00	0.000000e+00
2.413195e+01	1.006945e+00	1.006945e+00	7.490786e-05	0.000000e+00	0.000000e+00
2.614583e+01	1.006945e+00	1.006945e+00	1.173641e-04	0.000000e+00	0.000000e+00
2.815973e+01	1.006945e+00	1.006945e+00	1.730644e-04	0.000000e+00	0.000000e+00
3.017361e+01	1.006945e+00	1.006945e+00	2.595665e-04	0.000000e+00	0.000000e+00
3.218750e+01	1.006940e+00	1.006940e+00	3.321931e-04	0.000000e+00	0.000000e+00
3.420139e+01	1.006945e+00	1.006945e+00	4.885560e-04	0.000000e+00	0.000000e+00
3.621527e+01	1.006945e+00	1.006945e+00	5.784026e-04	0.000000e+00	0.000000e+00
3.822916e+01	1.006945e+00	1.006945e+00	7.333005e-04	0.000000e+00	0.000000e+00
4.024305e+01	1.006945e+00	1.006945e+00	1.058152e-03	0.000000e+00	0.000000e+00
4.225695e+01	1.006945e+00	1.006945e+00	1.128795e-03	0.000000e+00	0.000000e+00
4.427084e+01	1.006945e+00	1.006945e+00	1.400414e-03	0.000000e+00	0.000000e+00
4.628473e+01	1.006945e+00	1.006945e+00	1.731074e-03	0.000000e+00	0.000000e+00
4.829861e+01	1.006945e+00	1.006945e+00	2.057349e-03	0.000000e+00	0.000000e+00
5.031250e+01	1.006940e+00	1.006940e+00	2.272414e-03	0.000000e+00	0.000000e+00
5.232639e+01	1.006945e+00	1.006945e+00	2.897733e-03	0.000000e+00	0.000000e+00
5.434027e+01	1.006945e+00	1.006945e+00	3.100656e-03	0.000000e+00	0.000000e+00
5.635416e+01	1.006945e+00	1.006945e+00	3.376036e-03	0.000000e+00	0.000000e+00
5.836805e+01	1.006945e+00	1.006945e+00	4.019491e-03	0.000000e+00	0.000000e+00
6.038195e+01	1.006945e+00	1.006945e+00	4.537058e-03	0.000000e+00	0.000000e+00
6.239584e+01	1.006945e+00	1.006945e+00	5.385839e-03	0.000000e+00	0.000000e+00
6.440972e+01	1.006945e+00	1.006945e+00	4.887578e-03	0.000000e+00	0.000000e+00
6.642361e+01	1.006945e+00	1.006945e+00	6.512041e-03	0.000000e+00	0.000000e+00
6.843750e+01	1.006940e+00	1.006940e+00	7.091882e-03	0.000000e+00	0.000000e+00
7.045139e+01	1.006945e+00	1.006945e+00	7.466341e-03	0.000000e+00	0.000000e+00
7.246527e+01	1.006945e+00	1.006945e+00	8.301122e-03	0.000000e+00	0.000000e+00
7.447916e+01	1.006945e+00	1.006945e+00	8.443524e-03	0.000000e+00	0.000000e+00
7.649305e+01	1.006945e+00	1.006945e+00	9.865787e-03	0.000000e+00	0.000000e+00
7.850695e+01	1.006945e+00	1.006945e+00	1.013218e-02	0.000000e+00	0.000000e+00
8.052084e+01	1.006945e+00	1.006945e+00	1.159649e-02	0.000000e+00	0.000000e+00
8.253473e+01	1.006945e+00	1.006945e+00	1.202545e-02	0.000000e+00	0.000000e+00
8.454861e+01	1.006945e+00	1.006945e+00	1.410022e-02	0.000000e+00	0.000000e+00
8.656250e+01	1.006940e+00	1.006940e+00	1.357090e-02	0.000000e+00	0.000000e+00
8.857639e+01	1.006945e+00	1.006945e+00	1.429232e-02	0.000000e+00	0.000000e+00
9.059027e+01	1.006945e+00	1.006945e+00	1.370413e-02	0.000000e+00	0.000000e+00
9.260416e+01	1.006945e+00	1.006945e+00	1.910231e-02	0.000000e+00	0.000000e+00
9.461805e+01	1.006945e+00	1.006945e+00	1.467329e-02	0.000000e+00	0.000000e+00
9.663195e+01	1.006945e+00	1.006945e+00	2.126212e-02	0.000000e+00	0.000000e+00
9.864584e+01	1.006945e+00	1.006945e+00	1.987224e-02	0.000000e+00	0.000000e+00
1.006597e+02	1.006960e+00	1.006960e+00	2.040945e-02	0.000000e+00	0.000000e+00
1.026737e+02	1.006950e+00	1.006950e+00	2.125339e-02	0.000000e+00	0.000000e+00
1.046875e+02	1.006900e+00	1.006900e+00	2.261028e-02	0.000000e+00	0.000000e+00
1.067013e+02	1.006950e+00	1.006950e+00	2.685551e-02	0.000000e+00	0.000000e+00
1.087152e+02	1.006950e+00	1.006950e+00	2.150403e-02	0.000000e+00	0.000000e+00
1.107292e+02	1.006950e+00	1.006950e+00	2.760130e-02	0.000000e+00	0.000000e+00
1.127430e+02	1.006950e+00	1.006950e+00	2.705596e-02	0.000000e+00	0.000000e+00
1.147570e+02	1.006950e+00	1.006950e+00	2.751559e-02	0.000000e+00	0.000000e+00
1.167708e+02	1.006950e+00	1.006950e+00	3.176523e-02	0.000000e+00	0.000000e+00
1.187848e+02	1.006950e+00	1.006950e+00	3.150061e-02	0.000000e+00	0.000000e+00
1.207987e+02	1.006950e+00	1.006950e+00	3.040047e-02	0.000000e+00	0.000000e+00
1.228125e+02	1.006900e+00	1.006900e+00	2.800784e-02	0.000000e+00	0.000000e+00
1.248263e+02	1.006950e+00	1.006950e+00	3.412979e-02	0.000000e+00	0.000000e+00
1.268402e+02	1.006950e+00	1.006950e+00	3.514982e-02	0.000000e+00	0.000000e+00
1.288542e+02	1.006950e+00	1.006950e+00	4.028589e-02	0.000000e+00	0.000000e+00
1.308680e+02	1.006950e+00	1.006950e+00	3.511338e-02	0.000000e+00	0.000000e+00
1.328820e+02	1.006950e+00	1.006950e+00	3.026336e-02	0.000000e+00	0.000000e+00
1.348958e+02	1.006950e+00	1.006950e+00	3.864230e-02	0.000000e+00	0.000000e+00
1.369098e+02	1.006950e+00	1.006950e+00	4.120691e-02	0.000000e+00	0.000000e+00
1.389237e+02	1.006950e+00	1.006950e+00	3.623630e-02	0.000000e+00	0.000000e+00
1.409375e+02	1.006900e+00	1.006900e+00	4.084122e-02	0.000000e+00	0.000000e+00
1.429513e+02	1.006950e+00	1.006950e+00	4.063277e-02	0.000000e+00	0.000000e+00
1.449652e+02	1.006950e+00	1.006950e+00	4.320786e-02	0.000000e+00	0.000000e+00
1.469792e+02	1.006950e+00	1.006950e+00	3.919113e-02	0.000000e+00	0.000000e+00
1.489930e+02	1.006950e+00	1.006950e+00	4.537402e-02	0.000000e+00	0.000000e+00
