# xval	 xerr-	 xerr+	 yval	 yerr-	 yerr+
1.406250e+01	1.006940e+00	1.006940e+00	2.179415e-03	0.000000e+00	0.000000e+00
1.607639e+01	1.006945e+00	1.006945e+00	2.091272e-03	0.000000e+00	0.000000e+00
1.809027e+01	1.006945e+00	1.006945e+00	1.659529e-03	0.000000e+00	0.000000e+00
2.010417e+01	1.006945e+00	1.006945e+00	1.600530e-03	0.000000e+00	0.000000e+00
2.211805e+01	1.006945e+00	1.006945e+00	1.647702e-03	0.000000e+00	0.000000e+00
2.413195e+01	1.006945e+00	1.006945e+00	1.727672e-03	0.000000e+00	0.000000e+00
2.614583e+01	1.006945e+00	1.006945e+00	1.825674e-03	0.000000e+00	0.000000e+00
2.815973e+01	1.006945e+00	1.006945e+00	1.935815e-03	0.000000e+00	0.000000e+00
3.017361e+01	1.006945e+00	1.006945e+00	2.056057e-03	0.000000e+00	0.000000e+00
3.218750e+01	1.006940e+00	1.006940e+00	2.186880e-03	0.000000e+00	0.000000e+00
3.420139e+01	1.006945e+00	1.006945e+00	2.357556e-03	0.000000e+00	0.000000e+00
3.621527e+01	1.006945e+00	1.006945e+00	2.493266e-03	0.000000e+00	0.000000e+00
3.822916e+01	1.006945e+00	1.006945e+00	2.651679e-03	0.000000e+00	0.000000e+00
4.024305e+01	1.006945e+00	1.006945e+00	2.847551e-03	0.000000e+00	0.000000e+00
4.225695e+01	1.006945e+00	1.006945e+00	3.012742e-03	0.000000e+00	0.000000e+00
4.427084e+01	1.006945e+00	1.006945e+00	3.207537e-03	0.000000e+00	0.000000e+00
4.628473e+01	1.006945e+00	1.006945e+00	3.382910e-03	0.000000e+00	0.000000e+00
4.829861e+01	1.006945e+00	1.006945e+00	3.687763e-03	0.000000e+00	0.000000e+00
5.031250e+01	1.006940e+00	1.006940e+00	3.865475e-03	0.000000e+00	0.000000e+00
5.232639e+01	1.006945e+00	1.006945e+00	4.102331e-03	0.000000e+00	0.000000e+00
5.434027e+01	1.006945e+00	1.006945e+00	4.353196e-03	0.000000e+00	0.000000e+00
5.635416e+01	1.006945e+00	1.006945e+00	4.639269e-03	0.000000e+00	0.000000e+00
5.836805e+01	1.006945e+00	1.006945e+00	4.917310e-03	0.000000e+00	0.000000e+00
6.038195e+01	1.006945e+00	1.006945e+00	5.122413e-03	0.000000e+00	0.000000e+00
6.239584e+01	1.006945e+00	1.006945e+00	5.487690e-03	0.000000e+00	0.000000e+00
6.440972e+01	1.006945e+00	1.006945e+00	5.759958e-03	0.000000e+00	0.000000e+00
6.642361e+01	1.006945e+00	1.006945e+00	5.853368e-03	0.000000e+00	0.000000e+00
6.843750e+01	1.006940e+00	1.006940e+00	6.046674e-03	0.000000e+00	0.000000e+00
7.045139e+01	1.006945e+00	1.006945e+00	6.497893e-03	0.000000e+00	0.000000e+00
7.246527e+01	1.006945e+00	1.006945e+00	6.535601e-03	0.000000e+00	0.000000e+00
7.447916e+01	1.006945e+00	1.006945e+00	7.268406e-03	0.000000e+00	0.000000e+00
7.649305e+01	1.006945e+00	1.006945e+00	7.608854e-03	0.000000e+00	0.000000e+00
7.850695e+01	1.006945e+00	1.006945e+00	7.883814e-03	0.000000e+00	0.000000e+00
8.052084e+01	1.006945e+00	1.006945e+00	8.064637e-03	0.000000e+00	0.000000e+00
8.253473e+01	1.006945e+00	1.006945e+00	8.222546e-03	0.000000e+00	0.000000e+00
8.454861e+01	1.006945e+00	1.006945e+00	8.997337e-03	0.000000e+00	0.000000e+00
8.656250e+01	1.006940e+00	1.006940e+00	8.962386e-03	0.000000e+00	0.000000e+00
8.857639e+01	1.006945e+00	1.006945e+00	9.304310e-03	0.000000e+00	0.000000e+00
9.059027e+01	1.006945e+00	1.006945e+00	1.000528e-02	0.000000e+00	0.000000e+00
9.260416e+01	1.006945e+00	1.006945e+00	1.017331e-02	0.000000e+00	0.000000e+00
9.461805e+01	1.006945e+00	1.006945e+00	1.037925e-02	0.000000e+00	0.000000e+00
9.663195e+01	1.006945e+00	1.006945e+00	1.053304e-02	0.000000e+00	0.000000e+00
9.864584e+01	1.006945e+00	1.006945e+00	1.099466e-02	0.000000e+00	0.000000e+00
1.006597e+02	1.006960e+00	1.006960e+00	1.072729e-02	0.000000e+00	0.000000e+00
1.026737e+02	1.006950e+00	1.006950e+00	1.188900e-02	0.000000e+00	0.000000e+00
1.046875e+02	1.006900e+00	1.006900e+00	1.255242e-02	0.000000e+00	0.000000e+00
1.067013e+02	1.006950e+00	1.006950e+00	1.269943e-02	0.000000e+00	0.000000e+00
1.087152e+02	1.006950e+00	1.006950e+00	1.344971e-02	0.000000e+00	0.000000e+00
1.107292e+02	1.006950e+00	1.006950e+00	1.317086e-02	0.000000e+00	0.000000e+00
1.127430e+02	1.006950e+00	1.006950e+00	1.387597e-02	0.000000e+00	0.000000e+00
1.147570e+02	1.006950e+00	1.006950e+00	1.337204e-02	0.000000e+00	0.000000e+00
1.167708e+02	1.006950e+00	1.006950e+00	1.586956e-02	0.000000e+00	0.000000e+00
1.187848e+02	1.006950e+00	1.006950e+00	1.560213e-02	0.000000e+00	0.000000e+00
1.207987e+02	1.006950e+00	1.006950e+00	1.699573e-02	0.000000e+00	0.000000e+00
1.228125e+02	1.006900e+00	1.006900e+00	1.471723e-02	0.000000e+00	0.000000e+00
1.248263e+02	1.006950e+00	1.006950e+00	1.715890e-02	0.000000e+00	0.000000e+00
1.268402e+02	1.006950e+00	1.006950e+00	1.718835e-02	0.000000e+00	0.000000e+00
1.288542e+02	1.006950e+00	1.006950e+00	1.722585e-02	0.000000e+00	0.000000e+00
1.308680e+02	1.006950e+00	1.006950e+00	1.756974e-02	0.000000e+00	0.000000e+00
1.328820e+02	1.006950e+00	1.006950e+00	1.878406e-02	0.000000e+00	0.000000e+00
1.348958e+02	1.006950e+00	1.006950e+00	1.656964e-02	0.000000e+00	0.000000e+00
1.369098e+02	1.006950e+00	1.006950e+00	2.026816e-02	0.000000e+00	0.000000e+00
1.389237e+02	1.006950e+00	1.006950e+00	2.177893e-02	0.000000e+00	0.000000e+00
1.409375e+02	1.006900e+00	1.006900e+00	2.123119e-02	0.000000e+00	0.000000e+00
1.429513e+02	1.006950e+00	1.006950e+00	1.931447e-02	0.000000e+00	0.000000e+00
1.449652e+02	1.006950e+00	1.006950e+00	2.165281e-02	0.000000e+00	0.000000e+00
1.469792e+02	1.006950e+00	1.006950e+00	2.133132e-02	0.000000e+00	0.000000e+00
1.489930e+02	1.006950e+00	1.006950e+00	2.316771e-02	0.000000e+00	0.000000e+00
