# xval	 xerr-	 xerr+	 yval	 yerr-	 yerr+
1.406250e+01	1.006940e+00	1.006940e+00	3.152471e-04	0.000000e+00	0.000000e+00
1.607639e+01	1.006945e+00	1.006945e+00	2.421649e-04	0.000000e+00	0.000000e+00
1.809027e+01	1.006945e+00	1.006945e+00	4.923833e-06	0.000000e+00	0.000000e+00
2.010417e+01	1.006945e+00	1.006945e+00	1.372818e-05	0.000000e+00	0.000000e+00
2.211805e+01	1.006945e+00	1.006945e+00	3.576196e-05	0.000000e+00	0.000000e+00
2.413195e+01	1.006945e+00	1.006945e+00	6.524350e-05	0.000000e+00	0.000000e+00
2.614583e+01	1.006945e+00	1.006945e+00	1.135266e-04	0.000000e+00	0.000000e+00
2.815973e+01	1.006945e+00	1.006945e+00	1.739638e-04	0.000000e+00	0.000000e+00
3.017361e+01	1.006945e+00	1.006945e+00	2.773477e-04	0.000000e+00	0.000000e+00
3.218750e+01	1.006940e+00	1.006940e+00	3.309664e-04	0.000000e+00	0.000000e+00
3.420139e+01	1.006945e+00	1.006945e+00	4.686673e-04	0.000000e+00	0.000000e+00
3.621527e+01	1.006945e+00	1.006945e+00	5.908593e-04	0.000000e+00	0.000000e+00
3.822916e+01	1.006945e+00	1.006945e+00	7.757618e-04	0.000000e+00	0.000000e+00
4.024305e+01	1.006945e+00	1.006945e+00	9.850227e-04	0.000000e+00	0.000000e+00
4.225695e+01	1.006945e+00	1.006945e+00	1.178947e-03	0.000000e+00	0.000000e+00
4.427084e+01	1.006945e+00	1.006945e+00	1.491701e-03	0.000000e+00	0.000000e+00
4.628473e+01	1.006945e+00	1.006945e+00	1.646748e-03	0.000000e+00	0.000000e+00
4.829861e+01	1.006945e+00	1.006945e+00	1.947176e-03	0.000000e+00	0.000000e+00
5.031250e+01	1.006940e+00	1.006940e+00	2.303243e-03	0.000000e+00	0.000000e+00
5.232639e+01	1.006945e+00	1.006945e+00	2.595551e-03	0.000000e+00	0.000000e+00
5.434027e+01	1.006945e+00	1.006945e+00	2.925598e-03	0.000000e+00	0.000000e+00
5.635416e+01	1.006945e+00	1.006945e+00	3.640314e-03	0.000000e+00	0.000000e+00
5.836805e+01	1.006945e+00	1.006945e+00	4.338540e-03	0.000000e+00	0.000000e+00
6.038195e+01	1.006945e+00	1.006945e+00	4.418966e-03	0.000000e+00	0.000000e+00
6.239584e+01	1.006945e+00	1.006945e+00	5.261381e-03	0.000000e+00	0.000000e+00
6.440972e+01	1.006945e+00	1.006945e+00	5.414979e-03	0.000000e+00	0.000000e+00
6.642361e+01	1.006945e+00	1.006945e+00	6.265876e-03	0.000000e+00	0.000000e+00
6.843750e+01	1.006940e+00	1.006940e+00	6.807930e-03	0.000000e+00	0.000000e+00
7.045139e+01	1.006945e+00	1.006945e+00	8.213413e-03	0.000000e+00	0.000000e+00
7.246527e+01	1.006945e+00	1.006945e+00	8.933740e-03	0.000000e+00	0.000000e+00
7.447916e+01	1.006945e+00	1.006945e+00	9.248776e-03	0.000000e+00	0.000000e+00
7.649305e+01	1.006945e+00	1.006945e+00	1.035463e-02	0.000000e+00	0.000000e+00
7.850695e+01	1.006945e+00	1.006945e+00	9.809234e-03	0.000000e+00	0.000000e+00
8.052084e+01	1.006945e+00	1.006945e+00	1.205185e-02	0.000000e+00	0.000000e+00
8.253473e+01	1.006945e+00	1.006945e+00	1.191569e-02	0.000000e+00	0.000000e+00
8.454861e+01	1.006945e+00	1.006945e+00	1.202165e-02	0.000000e+00	0.000000e+00
8.656250e+01	1.006940e+00	1.006940e+00	1.400385e-02	0.000000e+00	0.000000e+00
8.857639e+01	1.006945e+00	1.006945e+00	1.346825e-02	0.000000e+00	0.000000e+00
9.059027e+01	1.006945e+00	1.006945e+00	1.577349e-02	0.000000e+00	0.000000e+00
9.260416e+01	1.006945e+00	1.006945e+00	1.820089e-02	0.000000e+00	0.000000e+00
9.461805e+01	1.006945e+00	1.006945e+00	1.756284e-02	0.000000e+00	0.000000e+00
9.663195e+01	1.006945e+00	1.006945e+00	2.086293e-02	0.000000e+00	0.000000e+00
9.864584e+01	1.006945e+00	1.006945e+00	1.929559e-02	0.000000e+00	0.000000e+00
1.006597e+02	1.006960e+00	1.006960e+00	2.065907e-02	0.000000e+00	0.000000e+00
1.026737e+02	1.006950e+00	1.006950e+00	2.397797e-02	0.000000e+00	0.000000e+00
1.046875e+02	1.006900e+00	1.006900e+00	1.884382e-02	0.000000e+00	0.000000e+00
1.067013e+02	1.006950e+00	1.006950e+00	2.409438e-02	0.000000e+00	0.000000e+00
1.087152e+02	1.006950e+00	1.006950e+00	2.470336e-02	0.000000e+00	0.000000e+00
1.107292e+02	1.006950e+00	1.006950e+00	2.453318e-02	0.000000e+00	0.000000e+00
1.127430e+02	1.006950e+00	1.006950e+00	2.523728e-02	0.000000e+00	0.000000e+00
1.147570e+02	1.006950e+00	1.006950e+00	3.108058e-02	0.000000e+00	0.000000e+00
1.167708e+02	1.006950e+00	1.006950e+00	2.743443e-02	0.000000e+00	0.000000e+00
1.187848e+02	1.006950e+00	1.006950e+00	2.941037e-02	0.000000e+00	0.000000e+00
1.207987e+02	1.006950e+00	1.006950e+00	2.947516e-02	0.000000e+00	0.000000e+00
1.228125e+02	1.006900e+00	1.006900e+00	3.293630e-02	0.000000e+00	0.000000e+00
1.248263e+02	1.006950e+00	1.006950e+00	3.222559e-02	0.000000e+00	0.000000e+00
1.268402e+02	1.006950e+00	1.006950e+00	3.285490e-02	0.000000e+00	0.000000e+00
1.288542e+02	1.006950e+00	1.006950e+00	3.588019e-02	0.000000e+00	0.000000e+00
1.308680e+02	1.006950e+00	1.006950e+00	3.463794e-02	0.000000e+00	0.000000e+00
1.328820e+02	1.006950e+00	1.006950e+00	3.490907e-02	0.000000e+00	0.000000e+00
1.348958e+02	1.006950e+00	1.006950e+00	3.330262e-02	0.000000e+00	0.000000e+00
1.369098e+02	1.006950e+00	1.006950e+00	4.498984e-02	0.000000e+00	0.000000e+00
1.389237e+02	1.006950e+00	1.006950e+00	3.605342e-02	0.000000e+00	0.000000e+00
1.409375e+02	1.006900e+00	1.006900e+00	3.511964e-02	0.000000e+00	0.000000e+00
1.429513e+02	1.006950e+00	1.006950e+00	4.447121e-02	0.000000e+00	0.000000e+00
1.449652e+02	1.006950e+00	1.006950e+00	4.502217e-02	0.000000e+00	0.000000e+00
1.469792e+02	1.006950e+00	1.006950e+00	4.098386e-02	0.000000e+00	0.000000e+00
1.489930e+02	1.006950e+00	1.006950e+00	4.537097e-02	0.000000e+00	0.000000e+00
