# xval	 xerr-	 xerr+	 yval	 yerr-	 yerr+
1.406250e+01	1.006940e+00	1.006940e+00	2.173924e-03	0.000000e+00	0.000000e+00
1.607639e+01	1.006945e+00	1.006945e+00	2.098827e-03	0.000000e+00	0.000000e+00
1.809027e+01	1.006945e+00	1.006945e+00	1.747192e-03	0.000000e+00	0.000000e+00
2.010417e+01	1.006945e+00	1.006945e+00	1.950599e-03	0.000000e+00	0.000000e+00
2.211805e+01	1.006945e+00	1.006945e+00	2.211662e-03	0.000000e+00	0.000000e+00
2.413195e+01	1.006945e+00	1.006945e+00	2.366533e-03	0.000000e+00	0.000000e+00
2.614583e+01	1.006945e+00	1.006945e+00	2.573093e-03	0.000000e+00	0.000000e+00
2.815973e+01	1.006945e+00	1.006945e+00	2.781092e-03	0.000000e+00	0.000000e+00
3.017361e+01	1.006945e+00	1.006945e+00	3.049668e-03	0.000000e+00	0.000000e+00
3.218750e+01	1.006940e+00	1.006940e+00	3.039856e-03	0.000000e+00	0.000000e+00
3.420139e+01	1.006945e+00	1.006945e+00	3.355189e-03	0.000000e+00	0.000000e+00
3.621527e+01	1.006945e+00	1.006945e+00	3.480785e-03	0.000000e+00	0.000000e+00
3.822916e+01	1.006945e+00	1.006945e+00	3.638623e-03	0.000000e+00	0.000000e+00
4.024305e+01	1.006945e+00	1.006945e+00	3.779856e-03	0.000000e+00	0.000000e+00
4.225695e+01	1.006945e+00	1.006945e+00	3.916584e-03	0.000000e+00	0.000000e+00
4.427084e+01	1.006945e+00	1.006945e+00	4.103025e-03	0.000000e+00	0.000000e+00
4.628473e+01	1.006945e+00	1.006945e+00	4.156690e-03	0.000000e+00	0.000000e+00
4.829861e+01	1.006945e+00	1.006945e+00	4.086425e-03	0.000000e+00	0.000000e+00
5.031250e+01	1.006940e+00	1.006940e+00	4.453518e-03	0.000000e+00	0.000000e+00
5.232639e+01	1.006945e+00	1.006945e+00	4.541454e-03	0.000000e+00	0.000000e+00
5.434027e+01	1.006945e+00	1.006945e+00	4.370924e-03	0.000000e+00	0.000000e+00
5.635416e+01	1.006945e+00	1.006945e+00	4.410286e-03	0.000000e+00	0.000000e+00
5.836805e+01	1.006945e+00	1.006945e+00	4.871387e-03	0.000000e+00	0.000000e+00
6.038195e+01	1.006945e+00	1.006945e+00	4.412884e-03	0.000000e+00	0.000000e+00
6.239584e+01	1.006945e+00	1.006945e+00	4.481502e-03	0.000000e+00	0.000000e+00
6.440972e+01	1.006945e+00	1.006945e+00	4.437381e-03	0.000000e+00	0.000000e+00
6.642361e+01	1.006945e+00	1.006945e+00	4.741630e-03	0.000000e+00	0.000000e+00
6.843750e+01	1.006940e+00	1.006940e+00	4.376181e-03	0.000000e+00	0.000000e+00
7.045139e+01	1.006945e+00	1.006945e+00	5.429589e-03	0.000000e+00	0.000000e+00
7.246527e+01	1.006945e+00	1.006945e+00	4.851404e-03	0.000000e+00	0.000000e+00
7.447916e+01	1.006945e+00	1.006945e+00	4.564225e-03	0.000000e+00	0.000000e+00
7.649305e+01	1.006945e+00	1.006945e+00	4.204958e-03	0.000000e+00	0.000000e+00
7.850695e+01	1.006945e+00	1.006945e+00	4.680449e-03	0.000000e+00	0.000000e+00
8.052084e+01	1.006945e+00	1.006945e+00	5.053904e-03	0.000000e+00	0.000000e+00
8.253473e+01	1.006945e+00	1.006945e+00	4.370766e-03	0.000000e+00	0.000000e+00
8.454861e+01	1.006945e+00	1.006945e+00	4.633410e-03	0.000000e+00	0.000000e+00
8.656250e+01	1.006940e+00	1.006940e+00	4.155595e-03	0.000000e+00	0.000000e+00
8.857639e+01	1.006945e+00	1.006945e+00	4.154063e-03	0.000000e+00	0.000000e+00
9.059027e+01	1.006945e+00	1.006945e+00	4.294907e-03	0.000000e+00	0.000000e+00
9.260416e+01	1.006945e+00	1.006945e+00	4.221677e-03	0.000000e+00	0.000000e+00
9.461805e+01	1.006945e+00	1.006945e+00	3.213701e-03	0.000000e+00	0.000000e+00
9.663195e+01	1.006945e+00	1.006945e+00	4.554748e-03	0.000000e+00	0.000000e+00
9.864584e+01	1.006945e+00	1.006945e+00	3.652567e-03	0.000000e+00	0.000000e+00
1.006597e+02	1.006960e+00	1.006960e+00	3.105300e-03	0.000000e+00	0.000000e+00
1.026737e+02	1.006950e+00	1.006950e+00	3.581429e-03	0.000000e+00	0.000000e+00
1.046875e+02	1.006900e+00	1.006900e+00	3.375936e-03	0.000000e+00	0.000000e+00
1.067013e+02	1.006950e+00	1.006950e+00	3.548708e-03	0.000000e+00	0.000000e+00
1.087152e+02	1.006950e+00	1.006950e+00	2.637315e-03	0.000000e+00	0.000000e+00
1.107292e+02	1.006950e+00	1.006950e+00	3.573909e-03	0.000000e+00	0.000000e+00
1.127430e+02	1.006950e+00	1.006950e+00	2.729797e-03	0.000000e+00	0.000000e+00
1.147570e+02	1.006950e+00	1.006950e+00	1.556080e-03	0.000000e+00	0.000000e+00
1.167708e+02	1.006950e+00	1.006950e+00	2.484009e-03	0.000000e+00	0.000000e+00
1.187848e+02	1.006950e+00	1.006950e+00	2.092863e-03	0.000000e+00	0.000000e+00
1.207987e+02	1.006950e+00	1.006950e+00	2.556903e-03	0.000000e+00	0.000000e+00
1.228125e+02	1.006900e+00	1.006900e+00	1.692366e-03	0.000000e+00	0.000000e+00
1.248263e+02	1.006950e+00	1.006950e+00	1.300490e-03	0.000000e+00	0.000000e+00
1.268402e+02	1.006950e+00	1.006950e+00	2.140491e-03	0.000000e+00	0.000000e+00
1.288542e+02	1.006950e+00	1.006950e+00	1.307375e-03	0.000000e+00	0.000000e+00
1.308680e+02	1.006950e+00	1.006950e+00	1.339003e-03	0.000000e+00	0.000000e+00
1.328820e+02	1.006950e+00	1.006950e+00	1.337234e-03	0.000000e+00	0.000000e+00
1.348958e+02	1.006950e+00	1.006950e+00	1.229063e-03	0.000000e+00	0.000000e+00
1.369098e+02	1.006950e+00	1.006950e+00	7.002909e-04	0.000000e+00	0.000000e+00
1.389237e+02	1.006950e+00	1.006950e+00	1.377265e-03	0.000000e+00	0.000000e+00
1.409375e+02	1.006900e+00	1.006900e+00	1.291317e-03	0.000000e+00	0.000000e+00
1.429513e+02	1.006950e+00	1.006950e+00	3.785692e-05	0.000000e+00	0.000000e+00
1.449652e+02	1.006950e+00	1.006950e+00	4.146433e-04	0.000000e+00	0.000000e+00
1.469792e+02	1.006950e+00	1.006950e+00	5.693855e-04	0.000000e+00	0.000000e+00
1.489930e+02	1.006950e+00	1.006950e+00	-1.054301e-04	0.000000e+00	0.000000e+00
