# xval	 xerr-	 xerr+	 yval	 yerr-	 yerr+
1.406250e+01	1.006940e+00	1.006940e+00	1.018403e-03	0.000000e+00	0.000000e+00
1.607639e+01	1.006945e+00	1.006945e+00	9.438772e-04	0.000000e+00	0.000000e+00
1.809027e+01	1.006945e+00	1.006945e+00	8.128671e-04	0.000000e+00	0.000000e+00
2.010417e+01	1.006945e+00	1.006945e+00	6.538079e-04	0.000000e+00	0.000000e+00
2.211805e+01	1.006945e+00	1.006945e+00	5.886470e-04	0.000000e+00	0.000000e+00
2.413195e+01	1.006945e+00	1.006945e+00	6.473499e-04	0.000000e+00	0.000000e+00
2.614583e+01	1.006945e+00	1.006945e+00	6.874254e-04	0.000000e+00	0.000000e+00
2.815973e+01	1.006945e+00	1.006945e+00	7.554586e-04	0.000000e+00	0.000000e+00
3.017361e+01	1.006945e+00	1.006945e+00	8.149755e-04	0.000000e+00	0.000000e+00
3.218750e+01	1.006940e+00	1.006940e+00	8.886980e-04	0.000000e+00	0.000000e+00
3.420139e+01	1.006945e+00	1.006945e+00	9.517915e-04	0.000000e+00	0.000000e+00
3.621527e+01	1.006945e+00	1.006945e+00	1.027117e-03	0.000000e+00	0.000000e+00
3.822916e+01	1.006945e+00	1.006945e+00	1.080496e-03	0.000000e+00	0.000000e+00
4.024305e+01	1.006945e+00	1.006945e+00	1.152031e-03	0.000000e+00	0.000000e+00
4.225695e+01	1.006945e+00	1.006945e+00	1.216146e-03	0.000000e+00	0.000000e+00
4.427084e+01	1.006945e+00	1.006945e+00	1.323095e-03	0.000000e+00	0.000000e+00
4.628473e+01	1.006945e+00	1.006945e+00	1.339663e-03	0.000000e+00	0.000000e+00
4.829861e+01	1.006945e+00	1.006945e+00	1.463042e-03	0.000000e+00	0.000000e+00
5.031250e+01	1.006940e+00	1.006940e+00	1.472694e-03	0.000000e+00	0.000000e+00
5.232639e+01	1.006945e+00	1.006945e+00	1.660331e-03	0.000000e+00	0.000000e+00
5.434027e+01	1.006945e+00	1.006945e+00	1.594893e-03	0.000000e+00	0.000000e+00
5.635416e+01	1.006945e+00	1.006945e+00	1.728673e-03	0.000000e+00	0.000000e+00
5.836805e+01	1.006945e+00	1.006945e+00	1.780909e-03	0.000000e+00	0.000000e+00
6.038195e+01	1.006945e+00	1.006945e+00	1.913704e-03	0.000000e+00	0.000000e+00
6.239584e+01	1.006945e+00	1.006945e+00	1.936717e-03	0.000000e+00	0.000000e+00
6.440972e+01	1.006945e+00	1.006945e+00	2.028149e-03	0.000000e+00	0.000000e+00
6.642361e+01	1.006945e+00	1.006945e+00	2.158066e-03	0.000000e+00	0.000000e+00
6.843750e+01	1.006940e+00	1.006940e+00	2.071686e-03	0.000000e+00	0.000000e+00
7.045139e+01	1.006945e+00	1.006945e+00	2.133700e-03	0.000000e+00	0.000000e+00
7.246527e+01	1.006945e+00	1.006945e+00	2.365601e-03	0.000000e+00	0.000000e+00
7.447916e+01	1.006945e+00	1.006945e+00	2.385719e-03	0.000000e+00	0.000000e+00
7.649305e+01	1.006945e+00	1.006945e+00	2.440118e-03	0.000000e+00	0.000000e+00
7.850695e+01	1.006945e+00	1.006945e+00	2.573394e-03	0.000000e+00	0.000000e+00
8.052084e+01	1.006945e+00	1.006945e+00	2.637009e-03	0.000000e+00	0.000000e+00
8.253473e+01	1.006945e+00	1.006945e+00	2.545169e-03	0.000000e+00	0.000000e+00
8.454861e+01	1.006945e+00	1.006945e+00	2.611402e-03	0.000000e+00	0.000000e+00
8.656250e+01	1.006940e+00	1.006940e+00	3.000790e-03	0.000000e+00	0.000000e+00
8.857639e+01	1.006945e+00	1.006945e+00	2.915097e-03	0.000000e+00	0.000000e+00
9.059027e+01	1.006945e+00	1.006945e+00	2.702469e-03	0.000000e+00	0.000000e+00
9.260416e+01	1.006945e+00	1.006945e+00	2.742714e-03	0.000000e+00	0.000000e+00
9.461805e+01	1.006945e+00	1.006945e+00	2.775496e-03	0.000000e+00	0.000000e+00
9.663195e+01	1.006945e+00	1.006945e+00	2.798498e-03	0.000000e+00	0.000000e+00
9.864584e+01	1.006945e+00	1.006945e+00	3.125539e-03	0.000000e+00	0.000000e+00
1.006597e+02	1.006960e+00	1.006960e+00	3.324191e-03	0.000000e+00	0.000000e+00
1.026737e+02	1.006950e+00	1.006950e+00	3.103559e-03	0.000000e+00	0.000000e+00
1.046875e+02	1.006900e+00	1.006900e+00	3.140302e-03	0.000000e+00	0.000000e+00
1.067013e+02	1.006950e+00	1.006950e+00	3.377730e-03	0.000000e+00	0.000000e+00
1.087152e+02	1.006950e+00	1.006950e+00	3.336969e-03	0.000000e+00	0.000000e+00
1.107292e+02	1.006950e+00	1.006950e+00	3.815914e-03	0.000000e+00	0.000000e+00
1.127430e+02	1.006950e+00	1.006950e+00	3.473359e-03	0.000000e+00	0.000000e+00
1.147570e+02	1.006950e+00	1.006950e+00	3.082320e-03	0.000000e+00	0.000000e+00
1.167708e+02	1.006950e+00	1.006950e+00	3.510354e-03	0.000000e+00	0.000000e+00
1.187848e+02	1.006950e+00	1.006950e+00	3.840691e-03	0.000000e+00	0.000000e+00
1.207987e+02	1.006950e+00	1.006950e+00	3.305164e-03	0.000000e+00	0.000000e+00
1.228125e+02	1.006900e+00	1.006900e+00	4.061333e-03	0.000000e+00	0.000000e+00
1.248263e+02	1.006950e+00	1.006950e+00	3.729332e-03	0.000000e+00	0.000000e+00
1.268402e+02	1.006950e+00	1.006950e+00	5.298101e-03	0.000000e+00	0.000000e+00
1.288542e+02	1.006950e+00	1.006950e+00	2.479990e-03	0.000000e+00	0.000000e+00
1.308680e+02	1.006950e+00	1.006950e+00	4.218193e-03	0.000000e+00	0.000000e+00
1.328820e+02	1.006950e+00	1.006950e+00	3.500028e-03	0.000000e+00	0.000000e+00
1.348958e+02	1.006950e+00	1.006950e+00	4.766072e-03	0.000000e+00	0.000000e+00
1.369098e+02	1.006950e+00	1.006950e+00	4.165785e-03	0.000000e+00	0.000000e+00
1.389237e+02	1.006950e+00	1.006950e+00	4.274703e-03	0.000000e+00	0.000000e+00
1.409375e+02	1.006900e+00	1.006900e+00	4.786107e-03	0.000000e+00	0.000000e+00
1.429513e+02	1.006950e+00	1.006950e+00	3.723189e-03	0.000000e+00	0.000000e+00
1.449652e+02	1.006950e+00	1.006950e+00	5.307649e-03	0.000000e+00	0.000000e+00
1.469792e+02	1.006950e+00	1.006950e+00	4.547367e-03	0.000000e+00	0.000000e+00
1.489930e+02	1.006950e+00	1.006950e+00	3.631168e-03	0.000000e+00	0.000000e+00
