# xval	 xerr-	 xerr+	 yval	 yerr-	 yerr+
1.406250e+01	1.006940e+00	1.006940e+00	6.735378e-04	0.000000e+00	0.000000e+00
1.607639e+01	1.006945e+00	1.006945e+00	6.124752e-04	0.000000e+00	0.000000e+00
1.809027e+01	1.006945e+00	1.006945e+00	3.328196e-04	0.000000e+00	0.000000e+00
2.010417e+01	1.006945e+00	1.006945e+00	2.736618e-04	0.000000e+00	0.000000e+00
2.211805e+01	1.006945e+00	1.006945e+00	3.424203e-04	0.000000e+00	0.000000e+00
2.413195e+01	1.006945e+00	1.006945e+00	4.277764e-04	0.000000e+00	0.000000e+00
2.614583e+01	1.006945e+00	1.006945e+00	5.158793e-04	0.000000e+00	0.000000e+00
2.815973e+01	1.006945e+00	1.006945e+00	6.346059e-04	0.000000e+00	0.000000e+00
3.017361e+01	1.006945e+00	1.006945e+00	7.547476e-04	0.000000e+00	0.000000e+00
3.218750e+01	1.006940e+00	1.006940e+00	9.036570e-04	0.000000e+00	0.000000e+00
3.420139e+01	1.006945e+00	1.006945e+00	1.063336e-03	0.000000e+00	0.000000e+00
3.621527e+01	1.006945e+00	1.006945e+00	1.228464e-03	0.000000e+00	0.000000e+00
3.822916e+01	1.006945e+00	1.006945e+00	1.411951e-03	0.000000e+00	0.000000e+00
4.024305e+01	1.006945e+00	1.006945e+00	1.607438e-03	0.000000e+00	0.000000e+00
4.225695e+01	1.006945e+00	1.006945e+00	1.907438e-03	0.000000e+00	0.000000e+00
4.427084e+01	1.006945e+00	1.006945e+00	2.053361e-03	0.000000e+00	0.000000e+00
4.628473e+01	1.006945e+00	1.006945e+00	2.328799e-03	0.000000e+00	0.000000e+00
4.829861e+01	1.006945e+00	1.006945e+00	2.525293e-03	0.000000e+00	0.000000e+00
5.031250e+01	1.006940e+00	1.006940e+00	2.923307e-03	0.000000e+00	0.000000e+00
5.232639e+01	1.006945e+00	1.006945e+00	3.109937e-03	0.000000e+00	0.000000e+00
5.434027e+01	1.006945e+00	1.006945e+00	3.437290e-03	0.000000e+00	0.000000e+00
5.635416e+01	1.006945e+00	1.006945e+00	3.761123e-03	0.000000e+00	0.000000e+00
5.836805e+01	1.006945e+00	1.006945e+00	4.276256e-03	0.000000e+00	0.000000e+00
6.038195e+01	1.006945e+00	1.006945e+00	4.518260e-03	0.000000e+00	0.000000e+00
6.239584e+01	1.006945e+00	1.006945e+00	4.752462e-03	0.000000e+00	0.000000e+00
6.440972e+01	1.006945e+00	1.006945e+00	5.544893e-03	0.000000e+00	0.000000e+00
6.642361e+01	1.006945e+00	1.006945e+00	5.455755e-03	0.000000e+00	0.000000e+00
6.843750e+01	1.006940e+00	1.006940e+00	5.809376e-03	0.000000e+00	0.000000e+00
7.045139e+01	1.006945e+00	1.006945e+00	6.543065e-03	0.000000e+00	0.000000e+00
7.246527e+01	1.006945e+00	1.006945e+00	6.914347e-03	0.000000e+00	0.000000e+00
7.447916e+01	1.006945e+00	1.006945e+00	7.116988e-03	0.000000e+00	0.000000e+00
7.649305e+01	1.006945e+00	1.006945e+00	8.031962e-03	0.000000e+00	0.000000e+00
7.850695e+01	1.006945e+00	1.006945e+00	8.395403e-03	0.000000e+00	0.000000e+00
8.052084e+01	1.006945e+00	1.006945e+00	8.499661e-03	0.000000e+00	0.000000e+00
8.253473e+01	1.006945e+00	1.006945e+00	9.422476e-03	0.000000e+00	0.000000e+00
8.454861e+01	1.006945e+00	1.006945e+00	9.565303e-03	0.000000e+00	0.000000e+00
8.656250e+01	1.006940e+00	1.006940e+00	1.009258e-02	0.000000e+00	0.000000e+00
8.857639e+01	1.006945e+00	1.006945e+00	1.129065e-02	0.000000e+00	0.000000e+00
9.059027e+01	1.006945e+00	1.006945e+00	1.010449e-02	0.000000e+00	0.000000e+00
9.260416e+01	1.006945e+00	1.006945e+00	1.250525e-02	0.000000e+00	0.000000e+00
9.461805e+01	1.006945e+00	1.006945e+00	1.280101e-02	0.000000e+00	0.000000e+00
9.663195e+01	1.006945e+00	1.006945e+00	1.236446e-02	0.000000e+00	0.000000e+00
9.864584e+01	1.006945e+00	1.006945e+00	1.348412e-02	0.000000e+00	0.000000e+00
1.006597e+02	1.006960e+00	1.006960e+00	1.360929e-02	0.000000e+00	0.000000e+00
1.026737e+02	1.006950e+00	1.006950e+00	1.401475e-02	0.000000e+00	0.000000e+00
1.046875e+02	1.006900e+00	1.006900e+00	1.565746e-02	0.000000e+00	0.000000e+00
1.067013e+02	1.006950e+00	1.006950e+00	1.582689e-02	0.000000e+00	0.000000e+00
1.087152e+02	1.006950e+00	1.006950e+00	1.756511e-02	0.000000e+00	0.000000e+00
1.107292e+02	1.006950e+00	1.006950e+00	1.700743e-02	0.000000e+00	0.000000e+00
1.127430e+02	1.006950e+00	1.006950e+00	1.814726e-02	0.000000e+00	0.000000e+00
1.147570e+02	1.006950e+00	1.006950e+00	1.791155e-02	0.000000e+00	0.000000e+00
1.167708e+02	1.006950e+00	1.006950e+00	1.911539e-02	0.000000e+00	0.000000e+00
1.187848e+02	1.006950e+00	1.006950e+00	1.927903e-02	0.000000e+00	0.000000e+00
1.207987e+02	1.006950e+00	1.006950e+00	2.110589e-02	0.000000e+00	0.000000e+00
1.228125e+02	1.006900e+00	1.006900e+00	2.005772e-02	0.000000e+00	0.000000e+00
1.248263e+02	1.006950e+00	1.006950e+00	2.256691e-02	0.000000e+00	0.000000e+00
1.268402e+02	1.006950e+00	1.006950e+00	2.311746e-02	0.000000e+00	0.000000e+00
1.288542e+02	1.006950e+00	1.006950e+00	2.416448e-02	0.000000e+00	0.000000e+00
1.308680e+02	1.006950e+00	1.006950e+00	2.323895e-02	0.000000e+00	0.000000e+00
1.328820e+02	1.006950e+00	1.006950e+00	2.437553e-02	0.000000e+00	0.000000e+00
1.348958e+02	1.006950e+00	1.006950e+00	2.470002e-02	0.000000e+00	0.000000e+00
1.369098e+02	1.006950e+00	1.006950e+00	2.613085e-02	0.000000e+00	0.000000e+00
1.389237e+02	1.006950e+00	1.006950e+00	2.616101e-02	0.000000e+00	0.000000e+00
1.409375e+02	1.006900e+00	1.006900e+00	2.949345e-02	0.000000e+00	0.000000e+00
1.429513e+02	1.006950e+00	1.006950e+00	2.666333e-02	0.000000e+00	0.000000e+00
1.449652e+02	1.006950e+00	1.006950e+00	2.881218e-02	0.000000e+00	0.000000e+00
1.469792e+02	1.006950e+00	1.006950e+00	2.984776e-02	0.000000e+00	0.000000e+00
1.489930e+02	1.006950e+00	1.006950e+00	2.898699e-02	0.000000e+00	0.000000e+00
