# xval	 xerr-	 xerr+	 yval	 yerr-	 yerr+
1.406250e+01	1.006940e+00	1.006940e+00	3.103686e-03	0.000000e+00	0.000000e+00
1.607639e+01	1.006945e+00	1.006945e+00	2.973056e-03	0.000000e+00	0.000000e+00
1.809027e+01	1.006945e+00	1.006945e+00	2.325205e-03	0.000000e+00	0.000000e+00
2.010417e+01	1.006945e+00	1.006945e+00	2.383878e-03	0.000000e+00	0.000000e+00
2.211805e+01	1.006945e+00	1.006945e+00	2.685077e-03	0.000000e+00	0.000000e+00
2.413195e+01	1.006945e+00	1.006945e+00	2.968393e-03	0.000000e+00	0.000000e+00
2.614583e+01	1.006945e+00	1.006945e+00	3.263972e-03	0.000000e+00	0.000000e+00
2.815973e+01	1.006945e+00	1.006945e+00	3.592571e-03	0.000000e+00	0.000000e+00
3.017361e+01	1.006945e+00	1.006945e+00	3.805388e-03	0.000000e+00	0.000000e+00
3.218750e+01	1.006940e+00	1.006940e+00	4.166239e-03	0.000000e+00	0.000000e+00
3.420139e+01	1.006945e+00	1.006945e+00	4.379181e-03	0.000000e+00	0.000000e+00
3.621527e+01	1.006945e+00	1.006945e+00	4.668743e-03	0.000000e+00	0.000000e+00
3.822916e+01	1.006945e+00	1.006945e+00	5.030304e-03	0.000000e+00	0.000000e+00
4.024305e+01	1.006945e+00	1.006945e+00	5.171349e-03	0.000000e+00	0.000000e+00
4.225695e+01	1.006945e+00	1.006945e+00	5.655231e-03	0.000000e+00	0.000000e+00
4.427084e+01	1.006945e+00	1.006945e+00	5.731988e-03	0.000000e+00	0.000000e+00
4.628473e+01	1.006945e+00	1.006945e+00	6.043596e-03	0.000000e+00	0.000000e+00
4.829861e+01	1.006945e+00	1.006945e+00	6.443863e-03	0.000000e+00	0.000000e+00
5.031250e+01	1.006940e+00	1.006940e+00	6.687665e-03	0.000000e+00	0.000000e+00
5.232639e+01	1.006945e+00	1.006945e+00	6.766372e-03	0.000000e+00	0.000000e+00
5.434027e+01	1.006945e+00	1.006945e+00	7.304501e-03	0.000000e+00	0.000000e+00
5.635416e+01	1.006945e+00	1.006945e+00	7.339395e-03	0.000000e+00	0.000000e+00
5.836805e+01	1.006945e+00	1.006945e+00	7.666361e-03	0.000000e+00	0.000000e+00
6.038195e+01	1.006945e+00	1.006945e+00	7.762131e-03	0.000000e+00	0.000000e+00
6.239584e+01	1.006945e+00	1.006945e+00	8.113849e-03	0.000000e+00	0.000000e+00
6.440972e+01	1.006945e+00	1.006945e+00	8.661271e-03	0.000000e+00	0.000000e+00
6.642361e+01	1.006945e+00	1.006945e+00	8.465318e-03	0.000000e+00	0.000000e+00
6.843750e+01	1.006940e+00	1.006940e+00	8.734015e-03	0.000000e+00	0.000000e+00
7.045139e+01	1.006945e+00	1.006945e+00	9.123605e-03	0.000000e+00	0.000000e+00
7.246527e+01	1.006945e+00	1.006945e+00	9.119117e-03	0.000000e+00	0.000000e+00
7.447916e+01	1.006945e+00	1.006945e+00	9.348119e-03	0.000000e+00	0.000000e+00
7.649305e+01	1.006945e+00	1.006945e+00	9.831705e-03	0.000000e+00	0.000000e+00
7.850695e+01	1.006945e+00	1.006945e+00	9.874771e-03	0.000000e+00	0.000000e+00
8.052084e+01	1.006945e+00	1.006945e+00	1.009380e-02	0.000000e+00	0.000000e+00
8.253473e+01	1.006945e+00	1.006945e+00	1.028459e-02	0.000000e+00	0.000000e+00
8.454861e+01	1.006945e+00	1.006945e+00	1.075904e-02	0.000000e+00	0.000000e+00
8.656250e+01	1.006940e+00	1.006940e+00	1.098308e-02	0.000000e+00	0.000000e+00
8.857639e+01	1.006945e+00	1.006945e+00	1.094579e-02	0.000000e+00	0.000000e+00
9.059027e+01	1.006945e+00	1.006945e+00	1.092251e-02	0.000000e+00	0.000000e+00
9.260416e+01	1.006945e+00	1.006945e+00	1.157261e-02	0.000000e+00	0.000000e+00
9.461805e+01	1.006945e+00	1.006945e+00	1.152355e-02	0.000000e+00	0.000000e+00
9.663195e+01	1.006945e+00	1.006945e+00	1.151218e-02	0.000000e+00	0.000000e+00
9.864584e+01	1.006945e+00	1.006945e+00	1.168644e-02	0.000000e+00	0.000000e+00
1.006597e+02	1.006960e+00	1.006960e+00	1.192859e-02	0.000000e+00	0.000000e+00
1.026737e+02	1.006950e+00	1.006950e+00	1.175406e-02	0.000000e+00	0.000000e+00
1.046875e+02	1.006900e+00	1.006900e+00	1.276826e-02	0.000000e+00	0.000000e+00
1.067013e+02	1.006950e+00	1.006950e+00	1.251480e-02	0.000000e+00	0.000000e+00
1.087152e+02	1.006950e+00	1.006950e+00	1.359651e-02	0.000000e+00	0.000000e+00
1.107292e+02	1.006950e+00	1.006950e+00	1.279733e-02	0.000000e+00	0.000000e+00
1.127430e+02	1.006950e+00	1.006950e+00	1.295499e-02	0.000000e+00	0.000000e+00
1.147570e+02	1.006950e+00	1.006950e+00	1.337581e-02	0.000000e+00	0.000000e+00
1.167708e+02	1.006950e+00	1.006950e+00	1.392124e-02	0.000000e+00	0.000000e+00
1.187848e+02	1.006950e+00	1.006950e+00	1.396400e-02	0.000000e+00	0.000000e+00
1.207987e+02	1.006950e+00	1.006950e+00	1.366926e-02	0.000000e+00	0.000000e+00
1.228125e+02	1.006900e+00	1.006900e+00	1.400401e-02	0.000000e+00	0.000000e+00
1.248263e+02	1.006950e+00	1.006950e+00	1.434190e-02	0.000000e+00	0.000000e+00
1.268402e+02	1.006950e+00	1.006950e+00	1.527293e-02	0.000000e+00	0.000000e+00
1.288542e+02	1.006950e+00	1.006950e+00	1.482066e-02	0.000000e+00	0.000000e+00
1.308680e+02	1.006950e+00	1.006950e+00	1.460870e-02	0.000000e+00	0.000000e+00
1.328820e+02	1.006950e+00	1.006950e+00	1.677444e-02	0.000000e+00	0.000000e+00
1.348958e+02	1.006950e+00	1.006950e+00	1.424093e-02	0.000000e+00	0.000000e+00
1.369098e+02	1.006950e+00	1.006950e+00	1.640765e-02	0.000000e+00	0.000000e+00
1.389237e+02	1.006950e+00	1.006950e+00	1.659792e-02	0.000000e+00	0.000000e+00
1.409375e+02	1.006900e+00	1.006900e+00	1.715757e-02	0.000000e+00	0.000000e+00
1.429513e+02	1.006950e+00	1.006950e+00	1.566702e-02	0.000000e+00	0.000000e+00
1.449652e+02	1.006950e+00	1.006950e+00	1.599250e-02	0.000000e+00	0.000000e+00
1.469792e+02	1.006950e+00	1.006950e+00	1.652955e-02	0.000000e+00	0.000000e+00
1.489930e+02	1.006950e+00	1.006950e+00	1.794828e-02	0.000000e+00	0.000000e+00
