# xval	 xerr-	 xerr+	 yval	 yerr-	 yerr+
1.406250e+01	1.006940e+00	1.006940e+00	1.220742e-03	0.000000e+00	0.000000e+00
1.607639e+01	1.006945e+00	1.006945e+00	1.147087e-03	0.000000e+00	0.000000e+00
1.809027e+01	1.006945e+00	1.006945e+00	8.134498e-04	0.000000e+00	0.000000e+00
2.010417e+01	1.006945e+00	1.006945e+00	8.011122e-04	0.000000e+00	0.000000e+00
2.211805e+01	1.006945e+00	1.006945e+00	9.061991e-04	0.000000e+00	0.000000e+00
2.413195e+01	1.006945e+00	1.006945e+00	1.013364e-03	0.000000e+00	0.000000e+00
2.614583e+01	1.006945e+00	1.006945e+00	1.123040e-03	0.000000e+00	0.000000e+00
2.815973e+01	1.006945e+00	1.006945e+00	1.235444e-03	0.000000e+00	0.000000e+00
3.017361e+01	1.006945e+00	1.006945e+00	1.362108e-03	0.000000e+00	0.000000e+00
3.218750e+01	1.006940e+00	1.006940e+00	1.501603e-03	0.000000e+00	0.000000e+00
3.420139e+01	1.006945e+00	1.006945e+00	1.659105e-03	0.000000e+00	0.000000e+00
3.621527e+01	1.006945e+00	1.006945e+00	1.820687e-03	0.000000e+00	0.000000e+00
3.822916e+01	1.006945e+00	1.006945e+00	1.976544e-03	0.000000e+00	0.000000e+00
4.024305e+01	1.006945e+00	1.006945e+00	2.149180e-03	0.000000e+00	0.000000e+00
4.225695e+01	1.006945e+00	1.006945e+00	2.334395e-03	0.000000e+00	0.000000e+00
4.427084e+01	1.006945e+00	1.006945e+00	2.576545e-03	0.000000e+00	0.000000e+00
4.628473e+01	1.006945e+00	1.006945e+00	2.825739e-03	0.000000e+00	0.000000e+00
4.829861e+01	1.006945e+00	1.006945e+00	3.101670e-03	0.000000e+00	0.000000e+00
5.031250e+01	1.006940e+00	1.006940e+00	3.299049e-03	0.000000e+00	0.000000e+00
5.232639e+01	1.006945e+00	1.006945e+00	3.438160e-03	0.000000e+00	0.000000e+00
5.434027e+01	1.006945e+00	1.006945e+00	3.886881e-03	0.000000e+00	0.000000e+00
5.635416e+01	1.006945e+00	1.006945e+00	4.273661e-03	0.000000e+00	0.000000e+00
5.836805e+01	1.006945e+00	1.006945e+00	4.452927e-03	0.000000e+00	0.000000e+00
6.038195e+01	1.006945e+00	1.006945e+00	4.692889e-03	0.000000e+00	0.000000e+00
6.239584e+01	1.006945e+00	1.006945e+00	5.062900e-03	0.000000e+00	0.000000e+00
6.440972e+01	1.006945e+00	1.006945e+00	5.728639e-03	0.000000e+00	0.000000e+00
6.642361e+01	1.006945e+00	1.006945e+00	5.669544e-03	0.000000e+00	0.000000e+00
6.843750e+01	1.006940e+00	1.006940e+00	6.007920e-03	0.000000e+00	0.000000e+00
7.045139e+01	1.006945e+00	1.006945e+00	6.509520e-03	0.000000e+00	0.000000e+00
7.246527e+01	1.006945e+00	1.006945e+00	6.522511e-03	0.000000e+00	0.000000e+00
7.447916e+01	1.006945e+00	1.006945e+00	6.574938e-03	0.000000e+00	0.000000e+00
7.649305e+01	1.006945e+00	1.006945e+00	7.524033e-03	0.000000e+00	0.000000e+00
7.850695e+01	1.006945e+00	1.006945e+00	7.933849e-03	0.000000e+00	0.000000e+00
8.052084e+01	1.006945e+00	1.006945e+00	7.775755e-03	0.000000e+00	0.000000e+00
8.253473e+01	1.006945e+00	1.006945e+00	8.493600e-03	0.000000e+00	0.000000e+00
8.454861e+01	1.006945e+00	1.006945e+00	9.435467e-03	0.000000e+00	0.000000e+00
8.656250e+01	1.006940e+00	1.006940e+00	8.703969e-03	0.000000e+00	0.000000e+00
8.857639e+01	1.006945e+00	1.006945e+00	8.864728e-03	0.000000e+00	0.000000e+00
9.059027e+01	1.006945e+00	1.006945e+00	9.402849e-03	0.000000e+00	0.000000e+00
9.260416e+01	1.006945e+00	1.006945e+00	1.046329e-02	0.000000e+00	0.000000e+00
9.461805e+01	1.006945e+00	1.006945e+00	1.014647e-02	0.000000e+00	0.000000e+00
9.663195e+01	1.006945e+00	1.006945e+00	9.778749e-03	0.000000e+00	0.000000e+00
9.864584e+01	1.006945e+00	1.006945e+00	1.046087e-02	0.000000e+00	0.000000e+00
1.006597e+02	1.006960e+00	1.006960e+00	1.063025e-02	0.000000e+00	0.000000e+00
1.026737e+02	1.006950e+00	1.006950e+00	1.037594e-02	0.000000e+00	0.000000e+00
1.046875e+02	1.006900e+00	1.006900e+00	1.181794e-02	0.000000e+00	0.000000e+00
1.067013e+02	1.006950e+00	1.006950e+00	1.136125e-02	0.000000e+00	0.000000e+00
1.087152e+02	1.006950e+00	1.006950e+00	1.223530e-02	0.000000e+00	0.000000e+00
1.107292e+02	1.006950e+00	1.006950e+00	1.209244e-02	0.000000e+00	0.000000e+00
1.127430e+02	1.006950e+00	1.006950e+00	1.259332e-02	0.000000e+00	0.000000e+00
1.147570e+02	1.006950e+00	1.006950e+00	1.214404e-02	0.000000e+00	0.000000e+00
1.167708e+02	1.006950e+00	1.006950e+00	1.250684e-02	0.000000e+00	0.000000e+00
1.187848e+02	1.006950e+00	1.006950e+00	1.318851e-02	0.000000e+00	0.000000e+00
1.207987e+02	1.006950e+00	1.006950e+00	1.350284e-02	0.000000e+00	0.000000e+00
1.228125e+02	1.006900e+00	1.006900e+00	1.339515e-02	0.000000e+00	0.000000e+00
1.248263e+02	1.006950e+00	1.006950e+00	1.368257e-02	0.000000e+00	0.000000e+00
1.268402e+02	1.006950e+00	1.006950e+00	1.387097e-02	0.000000e+00	0.000000e+00
1.288542e+02	1.006950e+00	1.006950e+00	1.378048e-02	0.000000e+00	0.000000e+00
1.308680e+02	1.006950e+00	1.006950e+00	1.289264e-02	0.000000e+00	0.000000e+00
1.328820e+02	1.006950e+00	1.006950e+00	1.416432e-02	0.000000e+00	0.000000e+00
1.348958e+02	1.006950e+00	1.006950e+00	1.414544e-02	0.000000e+00	0.000000e+00
1.369098e+02	1.006950e+00	1.006950e+00	1.488875e-02	0.000000e+00	0.000000e+00
1.389237e+02	1.006950e+00	1.006950e+00	1.609993e-02	0.000000e+00	0.000000e+00
1.409375e+02	1.006900e+00	1.006900e+00	1.498175e-02	0.000000e+00	0.000000e+00
1.429513e+02	1.006950e+00	1.006950e+00	1.442439e-02	0.000000e+00	0.000000e+00
1.449652e+02	1.006950e+00	1.006950e+00	1.478054e-02	0.000000e+00	0.000000e+00
1.469792e+02	1.006950e+00	1.006950e+00	1.504399e-02	0.000000e+00	0.000000e+00
1.489930e+02	1.006950e+00	1.006950e+00	1.685884e-02	0.000000e+00	0.000000e+00
