# xval	 xerr-	 xerr+	 yval	 yerr-	 yerr+
1.406250e+01	1.006940e+00	1.006940e+00	2.184225e-03	0.000000e+00	0.000000e+00
1.607639e+01	1.006945e+00	1.006945e+00	2.054245e-03	0.000000e+00	0.000000e+00
1.809027e+01	1.006945e+00	1.006945e+00	1.543284e-03	0.000000e+00	0.000000e+00
2.010417e+01	1.006945e+00	1.006945e+00	1.590694e-03	0.000000e+00	0.000000e+00
2.211805e+01	1.006945e+00	1.006945e+00	1.768226e-03	0.000000e+00	0.000000e+00
2.413195e+01	1.006945e+00	1.006945e+00	1.907978e-03	0.000000e+00	0.000000e+00
2.614583e+01	1.006945e+00	1.006945e+00	2.086686e-03	0.000000e+00	0.000000e+00
2.815973e+01	1.006945e+00	1.006945e+00	2.261929e-03	0.000000e+00	0.000000e+00
3.017361e+01	1.006945e+00	1.006945e+00	2.518437e-03	0.000000e+00	0.000000e+00
3.218750e+01	1.006940e+00	1.006940e+00	2.648209e-03	0.000000e+00	0.000000e+00
3.420139e+01	1.006945e+00	1.006945e+00	3.019889e-03	0.000000e+00	0.000000e+00
3.621527e+01	1.006945e+00	1.006945e+00	3.274277e-03	0.000000e+00	0.000000e+00
3.822916e+01	1.006945e+00	1.006945e+00	3.593900e-03	0.000000e+00	0.000000e+00
4.024305e+01	1.006945e+00	1.006945e+00	3.667037e-03	0.000000e+00	0.000000e+00
4.225695e+01	1.006945e+00	1.006945e+00	4.248395e-03	0.000000e+00	0.000000e+00
4.427084e+01	1.006945e+00	1.006945e+00	4.884388e-03	0.000000e+00	0.000000e+00
4.628473e+01	1.006945e+00	1.006945e+00	5.210210e-03	0.000000e+00	0.000000e+00
4.829861e+01	1.006945e+00	1.006945e+00	5.366352e-03	0.000000e+00	0.000000e+00
5.031250e+01	1.006940e+00	1.006940e+00	5.919857e-03	0.000000e+00	0.000000e+00
5.232639e+01	1.006945e+00	1.006945e+00	6.451946e-03	0.000000e+00	0.000000e+00
5.434027e+01	1.006945e+00	1.006945e+00	6.477667e-03	0.000000e+00	0.000000e+00
5.635416e+01	1.006945e+00	1.006945e+00	7.652706e-03	0.000000e+00	0.000000e+00
5.836805e+01	1.006945e+00	1.006945e+00	7.925203e-03	0.000000e+00	0.000000e+00
6.038195e+01	1.006945e+00	1.006945e+00	8.794822e-03	0.000000e+00	0.000000e+00
6.239584e+01	1.006945e+00	1.006945e+00	8.731061e-03	0.000000e+00	0.000000e+00
6.440972e+01	1.006945e+00	1.006945e+00	9.317053e-03	0.000000e+00	0.000000e+00
6.642361e+01	1.006945e+00	1.006945e+00	1.114891e-02	0.000000e+00	0.000000e+00
6.843750e+01	1.006940e+00	1.006940e+00	1.113396e-02	0.000000e+00	0.000000e+00
7.045139e+01	1.006945e+00	1.006945e+00	1.314656e-02	0.000000e+00	0.000000e+00
7.246527e+01	1.006945e+00	1.006945e+00	1.376109e-02	0.000000e+00	0.000000e+00
7.447916e+01	1.006945e+00	1.006945e+00	1.247622e-02	0.000000e+00	0.000000e+00
7.649305e+01	1.006945e+00	1.006945e+00	1.374056e-02	0.000000e+00	0.000000e+00
7.850695e+01	1.006945e+00	1.006945e+00	1.283499e-02	0.000000e+00	0.000000e+00
8.052084e+01	1.006945e+00	1.006945e+00	1.617311e-02	0.000000e+00	0.000000e+00
8.253473e+01	1.006945e+00	1.006945e+00	1.588870e-02	0.000000e+00	0.000000e+00
8.454861e+01	1.006945e+00	1.006945e+00	1.676726e-02	0.000000e+00	0.000000e+00
8.656250e+01	1.006940e+00	1.006940e+00	1.699991e-02	0.000000e+00	0.000000e+00
8.857639e+01	1.006945e+00	1.006945e+00	1.790489e-02	0.000000e+00	0.000000e+00
9.059027e+01	1.006945e+00	1.006945e+00	1.732748e-02	0.000000e+00	0.000000e+00
9.260416e+01	1.006945e+00	1.006945e+00	2.103388e-02	0.000000e+00	0.000000e+00
9.461805e+01	1.006945e+00	1.006945e+00	1.855410e-02	0.000000e+00	0.000000e+00
9.663195e+01	1.006945e+00	1.006945e+00	2.261766e-02	0.000000e+00	0.000000e+00
9.864584e+01	1.006945e+00	1.006945e+00	2.074686e-02	0.000000e+00	0.000000e+00
1.006597e+02	1.006960e+00	1.006960e+00	2.232567e-02	0.000000e+00	0.000000e+00
1.026737e+02	1.006950e+00	1.006950e+00	2.146884e-02	0.000000e+00	0.000000e+00
1.046875e+02	1.006900e+00	1.006900e+00	2.338328e-02	0.000000e+00	0.000000e+00
1.067013e+02	1.006950e+00	1.006950e+00	2.431819e-02	0.000000e+00	0.000000e+00
1.087152e+02	1.006950e+00	1.006950e+00	2.480500e-02	0.000000e+00	0.000000e+00
1.107292e+02	1.006950e+00	1.006950e+00	2.264040e-02	0.000000e+00	0.000000e+00
1.127430e+02	1.006950e+00	1.006950e+00	2.657246e-02	0.000000e+00	0.000000e+00
1.147570e+02	1.006950e+00	1.006950e+00	2.816701e-02	0.000000e+00	0.000000e+00
1.167708e+02	1.006950e+00	1.006950e+00	2.790200e-02	0.000000e+00	0.000000e+00
1.187848e+02	1.006950e+00	1.006950e+00	2.661983e-02	0.000000e+00	0.000000e+00
1.207987e+02	1.006950e+00	1.006950e+00	3.343137e-02	0.000000e+00	0.000000e+00
1.228125e+02	1.006900e+00	1.006900e+00	2.578154e-02	0.000000e+00	0.000000e+00
1.248263e+02	1.006950e+00	1.006950e+00	2.827937e-02	0.000000e+00	0.000000e+00
1.268402e+02	1.006950e+00	1.006950e+00	3.033948e-02	0.000000e+00	0.000000e+00
1.288542e+02	1.006950e+00	1.006950e+00	3.560360e-02	0.000000e+00	0.000000e+00
1.308680e+02	1.006950e+00	1.006950e+00	2.968498e-02	0.000000e+00	0.000000e+00
1.328820e+02	1.006950e+00	1.006950e+00	2.837032e-02	0.000000e+00	0.000000e+00
1.348958e+02	1.006950e+00	1.006950e+00	3.181266e-02	0.000000e+00	0.000000e+00
1.369098e+02	1.006950e+00	1.006950e+00	3.744103e-02	0.000000e+00	0.000000e+00
1.389237e+02	1.006950e+00	1.006950e+00	3.447452e-02	0.000000e+00	0.000000e+00
1.409375e+02	1.006900e+00	1.006900e+00	3.328260e-02	0.000000e+00	0.000000e+00
1.429513e+02	1.006950e+00	1.006950e+00	3.891835e-02	0.000000e+00	0.000000e+00
1.449652e+02	1.006950e+00	1.006950e+00	3.217594e-02	0.000000e+00	0.000000e+00
1.469792e+02	1.006950e+00	1.006950e+00	3.128458e-02	0.000000e+00	0.000000e+00
1.489930e+02	1.006950e+00	1.006950e+00	3.586130e-02	0.000000e+00	0.000000e+00
