# xval	 xerr-	 xerr+	 yval	 yerr-	 yerr+
1.406250e+01	1.006940e+00	1.006940e+00	1.141086e-03	0.000000e+00	0.000000e+00
1.607639e+01	1.006945e+00	1.006945e+00	1.016580e-03	0.000000e+00	0.000000e+00
1.809027e+01	1.006945e+00	1.006945e+00	6.118989e-04	0.000000e+00	0.000000e+00
2.010417e+01	1.006945e+00	1.006945e+00	7.335485e-04	0.000000e+00	0.000000e+00
2.211805e+01	1.006945e+00	1.006945e+00	8.605096e-04	0.000000e+00	0.000000e+00
2.413195e+01	1.006945e+00	1.006945e+00	1.053073e-03	0.000000e+00	0.000000e+00
2.614583e+01	1.006945e+00	1.006945e+00	1.204790e-03	0.000000e+00	0.000000e+00
2.815973e+01	1.006945e+00	1.006945e+00	1.417751e-03	0.000000e+00	0.000000e+00
3.017361e+01	1.006945e+00	1.006945e+00	1.612123e-03	0.000000e+00	0.000000e+00
3.218750e+01	1.006940e+00	1.006940e+00	1.780814e-03	0.000000e+00	0.000000e+00
3.420139e+01	1.006945e+00	1.006945e+00	2.118672e-03	0.000000e+00	0.000000e+00
3.621527e+01	1.006945e+00	1.006945e+00	2.366740e-03	0.000000e+00	0.000000e+00
3.822916e+01	1.006945e+00	1.006945e+00	2.620595e-03	0.000000e+00	0.000000e+00
4.024305e+01	1.006945e+00	1.006945e+00	2.877818e-03	0.000000e+00	0.000000e+00
4.225695e+01	1.006945e+00	1.006945e+00	3.063125e-03	0.000000e+00	0.000000e+00
4.427084e+01	1.006945e+00	1.006945e+00	3.527295e-03	0.000000e+00	0.000000e+00
4.628473e+01	1.006945e+00	1.006945e+00	4.131150e-03	0.000000e+00	0.000000e+00
4.829861e+01	1.006945e+00	1.006945e+00	3.911232e-03	0.000000e+00	0.000000e+00
5.031250e+01	1.006940e+00	1.006940e+00	4.730992e-03	0.000000e+00	0.000000e+00
5.232639e+01	1.006945e+00	1.006945e+00	5.050797e-03	0.000000e+00	0.000000e+00
5.434027e+01	1.006945e+00	1.006945e+00	4.974653e-03	0.000000e+00	0.000000e+00
5.635416e+01	1.006945e+00	1.006945e+00	5.312044e-03	0.000000e+00	0.000000e+00
5.836805e+01	1.006945e+00	1.006945e+00	6.078154e-03	0.000000e+00	0.000000e+00
6.038195e+01	1.006945e+00	1.006945e+00	5.867667e-03	0.000000e+00	0.000000e+00
6.239584e+01	1.006945e+00	1.006945e+00	6.511612e-03	0.000000e+00	0.000000e+00
6.440972e+01	1.006945e+00	1.006945e+00	6.922745e-03	0.000000e+00	0.000000e+00
6.642361e+01	1.006945e+00	1.006945e+00	7.484819e-03	0.000000e+00	0.000000e+00
6.843750e+01	1.006940e+00	1.006940e+00	8.224048e-03	0.000000e+00	0.000000e+00
7.045139e+01	1.006945e+00	1.006945e+00	7.906955e-03	0.000000e+00	0.000000e+00
7.246527e+01	1.006945e+00	1.006945e+00	9.253397e-03	0.000000e+00	0.000000e+00
7.447916e+01	1.006945e+00	1.006945e+00	9.851532e-03	0.000000e+00	0.000000e+00
7.649305e+01	1.006945e+00	1.006945e+00	9.012219e-03	0.000000e+00	0.000000e+00
7.850695e+01	1.006945e+00	1.006945e+00	8.958221e-03	0.000000e+00	0.000000e+00
8.052084e+01	1.006945e+00	1.006945e+00	1.089609e-02	0.000000e+00	0.000000e+00
8.253473e+01	1.006945e+00	1.006945e+00	1.133934e-02	0.000000e+00	0.000000e+00
8.454861e+01	1.006945e+00	1.006945e+00	1.022399e-02	0.000000e+00	0.000000e+00
8.656250e+01	1.006940e+00	1.006940e+00	1.125305e-02	0.000000e+00	0.000000e+00
8.857639e+01	1.006945e+00	1.006945e+00	1.196345e-02	0.000000e+00	0.000000e+00
9.059027e+01	1.006945e+00	1.006945e+00	1.165359e-02	0.000000e+00	0.000000e+00
9.260416e+01	1.006945e+00	1.006945e+00	1.392091e-02	0.000000e+00	0.000000e+00
9.461805e+01	1.006945e+00	1.006945e+00	1.131251e-02	0.000000e+00	0.000000e+00
9.663195e+01	1.006945e+00	1.006945e+00	1.436047e-02	0.000000e+00	0.000000e+00
9.864584e+01	1.006945e+00	1.006945e+00	1.476182e-02	0.000000e+00	0.000000e+00
1.006597e+02	1.006960e+00	1.006960e+00	1.319352e-02	0.000000e+00	0.000000e+00
1.026737e+02	1.006950e+00	1.006950e+00	1.281772e-02	0.000000e+00	0.000000e+00
1.046875e+02	1.006900e+00	1.006900e+00	1.408490e-02	0.000000e+00	0.000000e+00
1.067013e+02	1.006950e+00	1.006950e+00	1.648632e-02	0.000000e+00	0.000000e+00
1.087152e+02	1.006950e+00	1.006950e+00	1.592912e-02	0.000000e+00	0.000000e+00
1.107292e+02	1.006950e+00	1.006950e+00	1.617107e-02	0.000000e+00	0.000000e+00
1.127430e+02	1.006950e+00	1.006950e+00	1.637317e-02	0.000000e+00	0.000000e+00
1.147570e+02	1.006950e+00	1.006950e+00	2.094490e-02	0.000000e+00	0.000000e+00
1.167708e+02	1.006950e+00	1.006950e+00	1.830841e-02	0.000000e+00	0.000000e+00
1.187848e+02	1.006950e+00	1.006950e+00	1.605921e-02	0.000000e+00	0.000000e+00
1.207987e+02	1.006950e+00	1.006950e+00	1.897587e-02	0.000000e+00	0.000000e+00
1.228125e+02	1.006900e+00	1.006900e+00	1.872966e-02	0.000000e+00	0.000000e+00
1.248263e+02	1.006950e+00	1.006950e+00	1.892855e-02	0.000000e+00	0.000000e+00
1.268402e+02	1.006950e+00	1.006950e+00	1.911441e-02	0.000000e+00	0.000000e+00
1.288542e+02	1.006950e+00	1.006950e+00	2.246609e-02	0.000000e+00	0.000000e+00
1.308680e+02	1.006950e+00	1.006950e+00	1.874047e-02	0.000000e+00	0.000000e+00
1.328820e+02	1.006950e+00	1.006950e+00	1.875018e-02	0.000000e+00	0.000000e+00
1.348958e+02	1.006950e+00	1.006950e+00	1.907160e-02	0.000000e+00	0.000000e+00
1.369098e+02	1.006950e+00	1.006950e+00	1.895260e-02	0.000000e+00	0.000000e+00
1.389237e+02	1.006950e+00	1.006950e+00	2.274882e-02	0.000000e+00	0.000000e+00
1.409375e+02	1.006900e+00	1.006900e+00	2.098768e-02	0.000000e+00	0.000000e+00
1.429513e+02	1.006950e+00	1.006950e+00	2.222804e-02	0.000000e+00	0.000000e+00
1.449652e+02	1.006950e+00	1.006950e+00	2.254308e-02	0.000000e+00	0.000000e+00
1.469792e+02	1.006950e+00	1.006950e+00	2.247252e-02	0.000000e+00	0.000000e+00
1.489930e+02	1.006950e+00	1.006950e+00	2.303304e-02	0.000000e+00	0.000000e+00
