# xval	 xerr-	 xerr+	 yval	 yerr-	 yerr+
1.406250e+01	1.006940e+00	1.006940e+00	1.908699e-03	0.000000e+00	0.000000e+00
1.607639e+01	1.006945e+00	1.006945e+00	1.771344e-03	0.000000e+00	0.000000e+00
1.809027e+01	1.006945e+00	1.006945e+00	1.509150e-03	0.000000e+00	0.000000e+00
2.010417e+01	1.006945e+00	1.006945e+00	1.215683e-03	0.000000e+00	0.000000e+00
2.211805e+01	1.006945e+00	1.006945e+00	1.078224e-03	0.000000e+00	0.000000e+00
2.413195e+01	1.006945e+00	1.006945e+00	1.117097e-03	0.000000e+00	0.000000e+00
2.614583e+01	1.006945e+00	1.006945e+00	1.134641e-03	0.000000e+00	0.000000e+00
2.815973e+01	1.006945e+00	1.006945e+00	1.229883e-03	0.000000e+00	0.000000e+00
3.017361e+01	1.006945e+00	1.006945e+00	1.290776e-03	0.000000e+00	0.000000e+00
3.218750e+01	1.006940e+00	1.006940e+00	1.344943e-03	0.000000e+00	0.000000e+00
3.420139e+01	1.006945e+00	1.006945e+00	1.479374e-03	0.000000e+00	0.000000e+00
3.621527e+01	1.006945e+00	1.006945e+00	1.588483e-03	0.000000e+00	0.000000e+00
3.822916e+01	1.006945e+00	1.006945e+00	1.691399e-03	0.000000e+00	0.000000e+00
4.024305e+01	1.006945e+00	1.006945e+00	1.879107e-03	0.000000e+00	0.000000e+00
4.225695e+01	1.006945e+00	1.006945e+00	1.932293e-03	0.000000e+00	0.000000e+00
4.427084e+01	1.006945e+00	1.006945e+00	2.068259e-03	0.000000e+00	0.000000e+00
4.628473e+01	1.006945e+00	1.006945e+00	2.311211e-03	0.000000e+00	0.000000e+00
4.829861e+01	1.006945e+00	1.006945e+00	2.330888e-03	0.000000e+00	0.000000e+00
5.031250e+01	1.006940e+00	1.006940e+00	2.466751e-03	0.000000e+00	0.000000e+00
5.232639e+01	1.006945e+00	1.006945e+00	2.703958e-03	0.000000e+00	0.000000e+00
5.434027e+01	1.006945e+00	1.006945e+00	2.865026e-03	0.000000e+00	0.000000e+00
5.635416e+01	1.006945e+00	1.006945e+00	3.052759e-03	0.000000e+00	0.000000e+00
5.836805e+01	1.006945e+00	1.006945e+00	3.152358e-03	0.000000e+00	0.000000e+00
6.038195e+01	1.006945e+00	1.006945e+00	3.363958e-03	0.000000e+00	0.000000e+00
6.239584e+01	1.006945e+00	1.006945e+00	3.532967e-03	0.000000e+00	0.000000e+00
6.440972e+01	1.006945e+00	1.006945e+00	4.028050e-03	0.000000e+00	0.000000e+00
6.642361e+01	1.006945e+00	1.006945e+00	3.853290e-03	0.000000e+00	0.000000e+00
6.843750e+01	1.006940e+00	1.006940e+00	4.203780e-03	0.000000e+00	0.000000e+00
7.045139e+01	1.006945e+00	1.006945e+00	4.173002e-03	0.000000e+00	0.000000e+00
7.246527e+01	1.006945e+00	1.006945e+00	4.607239e-03	0.000000e+00	0.000000e+00
7.447916e+01	1.006945e+00	1.006945e+00	4.813721e-03	0.000000e+00	0.000000e+00
7.649305e+01	1.006945e+00	1.006945e+00	4.718776e-03	0.000000e+00	0.000000e+00
7.850695e+01	1.006945e+00	1.006945e+00	5.408522e-03	0.000000e+00	0.000000e+00
8.052084e+01	1.006945e+00	1.006945e+00	5.279417e-03	0.000000e+00	0.000000e+00
8.253473e+01	1.006945e+00	1.006945e+00	6.084843e-03	0.000000e+00	0.000000e+00
8.454861e+01	1.006945e+00	1.006945e+00	5.805768e-03	0.000000e+00	0.000000e+00
8.656250e+01	1.006940e+00	1.006940e+00	6.257328e-03	0.000000e+00	0.000000e+00
8.857639e+01	1.006945e+00	1.006945e+00	6.274686e-03	0.000000e+00	0.000000e+00
9.059027e+01	1.006945e+00	1.006945e+00	6.285648e-03	0.000000e+00	0.000000e+00
9.260416e+01	1.006945e+00	1.006945e+00	7.089141e-03	0.000000e+00	0.000000e+00
9.461805e+01	1.006945e+00	1.006945e+00	6.781977e-03	0.000000e+00	0.000000e+00
9.663195e+01	1.006945e+00	1.006945e+00	7.041518e-03	0.000000e+00	0.000000e+00
9.864584e+01	1.006945e+00	1.006945e+00	7.567526e-03	0.000000e+00	0.000000e+00
1.006597e+02	1.006960e+00	1.006960e+00	7.683394e-03	0.000000e+00	0.000000e+00
1.026737e+02	1.006950e+00	1.006950e+00	7.871339e-03	0.000000e+00	0.000000e+00
1.046875e+02	1.006900e+00	1.006900e+00	7.776696e-03	0.000000e+00	0.000000e+00
1.067013e+02	1.006950e+00	1.006950e+00	9.953194e-03	0.000000e+00	0.000000e+00
1.087152e+02	1.006950e+00	1.006950e+00	8.166799e-03	0.000000e+00	0.000000e+00
1.107292e+02	1.006950e+00	1.006950e+00	8.913547e-03	0.000000e+00	0.000000e+00
1.127430e+02	1.006950e+00	1.006950e+00	8.212090e-03	0.000000e+00	0.000000e+00
1.147570e+02	1.006950e+00	1.006950e+00	9.831395e-03	0.000000e+00	0.000000e+00
1.167708e+02	1.006950e+00	1.006950e+00	9.643251e-03	0.000000e+00	0.000000e+00
1.187848e+02	1.006950e+00	1.006950e+00	9.589575e-03	0.000000e+00	0.000000e+00
1.207987e+02	1.006950e+00	1.006950e+00	1.052155e-02	0.000000e+00	0.000000e+00
1.228125e+02	1.006900e+00	1.006900e+00	1.026406e-02	0.000000e+00	0.000000e+00
1.248263e+02	1.006950e+00	1.006950e+00	1.049393e-02	0.000000e+00	0.000000e+00
1.268402e+02	1.006950e+00	1.006950e+00	1.099856e-02	0.000000e+00	0.000000e+00
1.288542e+02	1.006950e+00	1.006950e+00	1.126371e-02	0.000000e+00	0.000000e+00
1.308680e+02	1.006950e+00	1.006950e+00	1.119568e-02	0.000000e+00	0.000000e+00
1.328820e+02	1.006950e+00	1.006950e+00	1.060771e-02	0.000000e+00	0.000000e+00
1.348958e+02	1.006950e+00	1.006950e+00	1.255040e-02	0.000000e+00	0.000000e+00
1.369098e+02	1.006950e+00	1.006950e+00	1.216310e-02	0.000000e+00	0.000000e+00
1.389237e+02	1.006950e+00	1.006950e+00	1.226617e-02	0.000000e+00	0.000000e+00
1.409375e+02	1.006900e+00	1.006900e+00	1.308950e-02	0.000000e+00	0.000000e+00
1.429513e+02	1.006950e+00	1.006950e+00	1.298557e-02	0.000000e+00	0.000000e+00
1.449652e+02	1.006950e+00	1.006950e+00	1.410236e-02	0.000000e+00	0.000000e+00
1.469792e+02	1.006950e+00	1.006950e+00	1.533040e-02	0.000000e+00	0.000000e+00
1.489930e+02	1.006950e+00	1.006950e+00	1.487097e-02	0.000000e+00	0.000000e+00
