# xval	 xerr-	 xerr+	 yval	 yerr-	 yerr+
1.406250e+01	1.006940e+00	1.006940e+00	-1.734642e-04	0.000000e+00	0.000000e+00
1.607639e+01	1.006945e+00	1.006945e+00	-1.777118e-04	0.000000e+00	0.000000e+00
1.809027e+01	1.006945e+00	1.006945e+00	-2.964042e-04	0.000000e+00	0.000000e+00
2.010417e+01	1.006945e+00	1.006945e+00	-3.947058e-04	0.000000e+00	0.000000e+00
2.211805e+01	1.006945e+00	1.006945e+00	-4.707600e-04	0.000000e+00	0.000000e+00
2.413195e+01	1.006945e+00	1.006945e+00	-5.070789e-04	0.000000e+00	0.000000e+00
2.614583e+01	1.006945e+00	1.006945e+00	-5.214560e-04	0.000000e+00	0.000000e+00
2.815973e+01	1.006945e+00	1.006945e+00	-4.885524e-04	0.000000e+00	0.000000e+00
3.017361e+01	1.006945e+00	1.006945e+00	-4.197795e-04	0.000000e+00	0.000000e+00
3.218750e+01	1.006940e+00	1.006940e+00	-2.937869e-04	0.000000e+00	0.000000e+00
3.420139e+01	1.006945e+00	1.006945e+00	-1.021943e-04	0.000000e+00	0.000000e+00
3.621527e+01	1.006945e+00	1.006945e+00	1.171751e-04	0.000000e+00	0.000000e+00
3.822916e+01	1.006945e+00	1.006945e+00	3.159519e-04	0.000000e+00	0.000000e+00
4.024305e+01	1.006945e+00	1.006945e+00	7.415563e-04	0.000000e+00	0.000000e+00
4.225695e+01	1.006945e+00	1.006945e+00	1.093243e-03	0.000000e+00	0.000000e+00
4.427084e+01	1.006945e+00	1.006945e+00	1.488783e-03	0.000000e+00	0.000000e+00
4.628473e+01	1.006945e+00	1.006945e+00	1.968512e-03	0.000000e+00	0.000000e+00
4.829861e+01	1.006945e+00	1.006945e+00	2.456995e-03	0.000000e+00	0.000000e+00
5.031250e+01	1.006940e+00	1.006940e+00	2.851597e-03	0.000000e+00	0.000000e+00
5.232639e+01	1.006945e+00	1.006945e+00	3.607082e-03	0.000000e+00	0.000000e+00
5.434027e+01	1.006945e+00	1.006945e+00	4.277434e-03	0.000000e+00	0.000000e+00
5.635416e+01	1.006945e+00	1.006945e+00	4.844186e-03	0.000000e+00	0.000000e+00
5.836805e+01	1.006945e+00	1.006945e+00	5.024850e-03	0.000000e+00	0.000000e+00
6.038195e+01	1.006945e+00	1.006945e+00	5.740764e-03	0.000000e+00	0.000000e+00
6.239584e+01	1.006945e+00	1.006945e+00	6.449798e-03	0.000000e+00	0.000000e+00
6.440972e+01	1.006945e+00	1.006945e+00	7.605794e-03	0.000000e+00	0.000000e+00
6.642361e+01	1.006945e+00	1.006945e+00	8.122625e-03	0.000000e+00	0.000000e+00
6.843750e+01	1.006940e+00	1.006940e+00	9.498382e-03	0.000000e+00	0.000000e+00
7.045139e+01	1.006945e+00	1.006945e+00	9.332165e-03	0.000000e+00	0.000000e+00
7.246527e+01	1.006945e+00	1.006945e+00	9.768056e-03	0.000000e+00	0.000000e+00
7.447916e+01	1.006945e+00	1.006945e+00	1.181504e-02	0.000000e+00	0.000000e+00
7.649305e+01	1.006945e+00	1.006945e+00	1.055149e-02	0.000000e+00	0.000000e+00
7.850695e+01	1.006945e+00	1.006945e+00	1.228505e-02	0.000000e+00	0.000000e+00
8.052084e+01	1.006945e+00	1.006945e+00	1.398319e-02	0.000000e+00	0.000000e+00
8.253473e+01	1.006945e+00	1.006945e+00	1.373140e-02	0.000000e+00	0.000000e+00
8.454861e+01	1.006945e+00	1.006945e+00	1.539711e-02	0.000000e+00	0.000000e+00
8.656250e+01	1.006940e+00	1.006940e+00	1.577552e-02	0.000000e+00	0.000000e+00
8.857639e+01	1.006945e+00	1.006945e+00	1.504955e-02	0.000000e+00	0.000000e+00
9.059027e+01	1.006945e+00	1.006945e+00	1.602746e-02	0.000000e+00	0.000000e+00
9.260416e+01	1.006945e+00	1.006945e+00	1.754621e-02	0.000000e+00	0.000000e+00
9.461805e+01	1.006945e+00	1.006945e+00	1.993217e-02	0.000000e+00	0.000000e+00
9.663195e+01	1.006945e+00	1.006945e+00	1.951517e-02	0.000000e+00	0.000000e+00
9.864584e+01	1.006945e+00	1.006945e+00	1.857495e-02	0.000000e+00	0.000000e+00
1.006597e+02	1.006960e+00	1.006960e+00	2.150012e-02	0.000000e+00	0.000000e+00
1.026737e+02	1.006950e+00	1.006950e+00	2.084025e-02	0.000000e+00	0.000000e+00
1.046875e+02	1.006900e+00	1.006900e+00	2.243144e-02	0.000000e+00	0.000000e+00
1.067013e+02	1.006950e+00	1.006950e+00	2.479235e-02	0.000000e+00	0.000000e+00
1.087152e+02	1.006950e+00	1.006950e+00	2.609863e-02	0.000000e+00	0.000000e+00
1.107292e+02	1.006950e+00	1.006950e+00	2.302828e-02	0.000000e+00	0.000000e+00
1.127430e+02	1.006950e+00	1.006950e+00	2.589258e-02	0.000000e+00	0.000000e+00
1.147570e+02	1.006950e+00	1.006950e+00	2.447149e-02	0.000000e+00	0.000000e+00
1.167708e+02	1.006950e+00	1.006950e+00	2.539830e-02	0.000000e+00	0.000000e+00
1.187848e+02	1.006950e+00	1.006950e+00	2.955892e-02	0.000000e+00	0.000000e+00
1.207987e+02	1.006950e+00	1.006950e+00	2.894611e-02	0.000000e+00	0.000000e+00
1.228125e+02	1.006900e+00	1.006900e+00	2.881465e-02	0.000000e+00	0.000000e+00
1.248263e+02	1.006950e+00	1.006950e+00	2.694462e-02	0.000000e+00	0.000000e+00
1.268402e+02	1.006950e+00	1.006950e+00	2.751514e-02	0.000000e+00	0.000000e+00
1.288542e+02	1.006950e+00	1.006950e+00	3.152282e-02	0.000000e+00	0.000000e+00
1.308680e+02	1.006950e+00	1.006950e+00	2.683018e-02	0.000000e+00	0.000000e+00
1.328820e+02	1.006950e+00	1.006950e+00	3.320897e-02	0.000000e+00	0.000000e+00
1.348958e+02	1.006950e+00	1.006950e+00	3.219887e-02	0.000000e+00	0.000000e+00
1.369098e+02	1.006950e+00	1.006950e+00	3.566442e-02	0.000000e+00	0.000000e+00
1.389237e+02	1.006950e+00	1.006950e+00	3.324756e-02	0.000000e+00	0.000000e+00
1.409375e+02	1.006900e+00	1.006900e+00	3.415272e-02	0.000000e+00	0.000000e+00
1.429513e+02	1.006950e+00	1.006950e+00	3.498909e-02	0.000000e+00	0.000000e+00
1.449652e+02	1.006950e+00	1.006950e+00	3.711653e-02	0.000000e+00	0.000000e+00
1.469792e+02	1.006950e+00	1.006950e+00	3.461668e-02	0.000000e+00	0.000000e+00
1.489930e+02	1.006950e+00	1.006950e+00	3.041201e-02	0.000000e+00	0.000000e+00
