# xval	 xerr-	 xerr+	 yval	 yerr-	 yerr+
1.406250e+01	1.006940e+00	1.006940e+00	-1.744644e-04	0.000000e+00	0.000000e+00
1.607639e+01	1.006945e+00	1.006945e+00	-9.765862e-05	0.000000e+00	0.000000e+00
1.809027e+01	1.006945e+00	1.006945e+00	-4.946329e-05	0.000000e+00	0.000000e+00
2.010417e+01	1.006945e+00	1.006945e+00	-4.018683e-05	0.000000e+00	0.000000e+00
2.211805e+01	1.006945e+00	1.006945e+00	-8.495988e-05	0.000000e+00	0.000000e+00
2.413195e+01	1.006945e+00	1.006945e+00	-1.132798e-04	0.000000e+00	0.000000e+00
2.614583e+01	1.006945e+00	1.006945e+00	-1.001620e-04	0.000000e+00	0.000000e+00
2.815973e+01	1.006945e+00	1.006945e+00	-6.908643e-05	0.000000e+00	0.000000e+00
3.017361e+01	1.006945e+00	1.006945e+00	-1.801947e-05	0.000000e+00	0.000000e+00
3.218750e+01	1.006940e+00	1.006940e+00	5.238980e-05	0.000000e+00	0.000000e+00
3.420139e+01	1.006945e+00	1.006945e+00	1.465916e-04	0.000000e+00	0.000000e+00
3.621527e+01	1.006945e+00	1.006945e+00	2.380641e-04	0.000000e+00	0.000000e+00
3.822916e+01	1.006945e+00	1.006945e+00	3.691661e-04	0.000000e+00	0.000000e+00
4.024305e+01	1.006945e+00	1.006945e+00	5.203547e-04	0.000000e+00	0.000000e+00
4.225695e+01	1.006945e+00	1.006945e+00	6.335545e-04	0.000000e+00	0.000000e+00
4.427084e+01	1.006945e+00	1.006945e+00	8.609953e-04	0.000000e+00	0.000000e+00
4.628473e+01	1.006945e+00	1.006945e+00	9.977574e-04	0.000000e+00	0.000000e+00
4.829861e+01	1.006945e+00	1.006945e+00	1.218191e-03	0.000000e+00	0.000000e+00
5.031250e+01	1.006940e+00	1.006940e+00	1.289495e-03	0.000000e+00	0.000000e+00
5.232639e+01	1.006945e+00	1.006945e+00	1.599383e-03	0.000000e+00	0.000000e+00
5.434027e+01	1.006945e+00	1.006945e+00	1.712217e-03	0.000000e+00	0.000000e+00
5.635416e+01	1.006945e+00	1.006945e+00	2.125293e-03	0.000000e+00	0.000000e+00
5.836805e+01	1.006945e+00	1.006945e+00	2.070725e-03	0.000000e+00	0.000000e+00
6.038195e+01	1.006945e+00	1.006945e+00	2.523333e-03	0.000000e+00	0.000000e+00
6.239584e+01	1.006945e+00	1.006945e+00	2.835992e-03	0.000000e+00	0.000000e+00
6.440972e+01	1.006945e+00	1.006945e+00	3.038748e-03	0.000000e+00	0.000000e+00
6.642361e+01	1.006945e+00	1.006945e+00	3.124934e-03	0.000000e+00	0.000000e+00
6.843750e+01	1.006940e+00	1.006940e+00	3.530050e-03	0.000000e+00	0.000000e+00
7.045139e+01	1.006945e+00	1.006945e+00	3.555433e-03	0.000000e+00	0.000000e+00
7.246527e+01	1.006945e+00	1.006945e+00	4.001782e-03	0.000000e+00	0.000000e+00
7.447916e+01	1.006945e+00	1.006945e+00	4.503578e-03	0.000000e+00	0.000000e+00
7.649305e+01	1.006945e+00	1.006945e+00	4.549021e-03	0.000000e+00	0.000000e+00
7.850695e+01	1.006945e+00	1.006945e+00	4.783998e-03	0.000000e+00	0.000000e+00
8.052084e+01	1.006945e+00	1.006945e+00	5.013875e-03	0.000000e+00	0.000000e+00
8.253473e+01	1.006945e+00	1.006945e+00	5.495825e-03	0.000000e+00	0.000000e+00
8.454861e+01	1.006945e+00	1.006945e+00	5.767179e-03	0.000000e+00	0.000000e+00
8.656250e+01	1.006940e+00	1.006940e+00	6.071908e-03	0.000000e+00	0.000000e+00
8.857639e+01	1.006945e+00	1.006945e+00	6.105582e-03	0.000000e+00	0.000000e+00
9.059027e+01	1.006945e+00	1.006945e+00	6.840407e-03	0.000000e+00	0.000000e+00
9.260416e+01	1.006945e+00	1.006945e+00	6.867024e-03	0.000000e+00	0.000000e+00
9.461805e+01	1.006945e+00	1.006945e+00	6.600583e-03	0.000000e+00	0.000000e+00
9.663195e+01	1.006945e+00	1.006945e+00	7.637790e-03	0.000000e+00	0.000000e+00
9.864584e+01	1.006945e+00	1.006945e+00	7.715165e-03	0.000000e+00	0.000000e+00
1.006597e+02	1.006960e+00	1.006960e+00	7.208428e-03	0.000000e+00	0.000000e+00
1.026737e+02	1.006950e+00	1.006950e+00	8.245356e-03	0.000000e+00	0.000000e+00
1.046875e+02	1.006900e+00	1.006900e+00	8.811690e-03	0.000000e+00	0.000000e+00
1.067013e+02	1.006950e+00	1.006950e+00	8.661970e-03	0.000000e+00	0.000000e+00
1.087152e+02	1.006950e+00	1.006950e+00	9.558680e-03	0.000000e+00	0.000000e+00
1.107292e+02	1.006950e+00	1.006950e+00	9.411720e-03	0.000000e+00	0.000000e+00
1.127430e+02	1.006950e+00	1.006950e+00	9.318617e-03	0.000000e+00	0.000000e+00
1.147570e+02	1.006950e+00	1.006950e+00	1.102932e-02	0.000000e+00	0.000000e+00
1.167708e+02	1.006950e+00	1.006950e+00	9.807706e-03	0.000000e+00	0.000000e+00
1.187848e+02	1.006950e+00	1.006950e+00	1.024950e-02	0.000000e+00	0.000000e+00
1.207987e+02	1.006950e+00	1.006950e+00	1.120762e-02	0.000000e+00	0.000000e+00
1.228125e+02	1.006900e+00	1.006900e+00	1.277710e-02	0.000000e+00	0.000000e+00
1.248263e+02	1.006950e+00	1.006950e+00	1.018087e-02	0.000000e+00	0.000000e+00
1.268402e+02	1.006950e+00	1.006950e+00	1.122928e-02	0.000000e+00	0.000000e+00
1.288542e+02	1.006950e+00	1.006950e+00	1.104458e-02	0.000000e+00	0.000000e+00
1.308680e+02	1.006950e+00	1.006950e+00	1.139591e-02	0.000000e+00	0.000000e+00
1.328820e+02	1.006950e+00	1.006950e+00	1.400254e-02	0.000000e+00	0.000000e+00
1.348958e+02	1.006950e+00	1.006950e+00	1.353983e-02	0.000000e+00	0.000000e+00
1.369098e+02	1.006950e+00	1.006950e+00	1.429634e-02	0.000000e+00	0.000000e+00
1.389237e+02	1.006950e+00	1.006950e+00	1.342955e-02	0.000000e+00	0.000000e+00
1.409375e+02	1.006900e+00	1.006900e+00	1.509156e-02	0.000000e+00	0.000000e+00
1.429513e+02	1.006950e+00	1.006950e+00	1.539149e-02	0.000000e+00	0.000000e+00
1.449652e+02	1.006950e+00	1.006950e+00	1.239652e-02	0.000000e+00	0.000000e+00
1.469792e+02	1.006950e+00	1.006950e+00	1.662398e-02	0.000000e+00	0.000000e+00
1.489930e+02	1.006950e+00	1.006950e+00	1.516732e-02	0.000000e+00	0.000000e+00
