# xval	 xerr-	 xerr+	 yval	 yerr-	 yerr+
1.406250e+01	1.006940e+00	1.006940e+00	3.265114e-04	0.000000e+00	0.000000e+00
1.607639e+01	1.006945e+00	1.006945e+00	2.519498e-04	0.000000e+00	0.000000e+00
1.809027e+01	1.006945e+00	1.006945e+00	-6.963684e-06	0.000000e+00	0.000000e+00
2.010417e+01	1.006945e+00	1.006945e+00	6.503705e-05	0.000000e+00	0.000000e+00
2.211805e+01	1.006945e+00	1.006945e+00	1.616824e-04	0.000000e+00	0.000000e+00
2.413195e+01	1.006945e+00	1.006945e+00	2.930294e-04	0.000000e+00	0.000000e+00
2.614583e+01	1.006945e+00	1.006945e+00	4.150517e-04	0.000000e+00	0.000000e+00
2.815973e+01	1.006945e+00	1.006945e+00	6.077200e-04	0.000000e+00	0.000000e+00
3.017361e+01	1.006945e+00	1.006945e+00	8.060417e-04	0.000000e+00	0.000000e+00
3.218750e+01	1.006940e+00	1.006940e+00	9.694836e-04	0.000000e+00	0.000000e+00
3.420139e+01	1.006945e+00	1.006945e+00	1.164375e-03	0.000000e+00	0.000000e+00
3.621527e+01	1.006945e+00	1.006945e+00	1.448604e-03	0.000000e+00	0.000000e+00
3.822916e+01	1.006945e+00	1.006945e+00	1.793441e-03	0.000000e+00	0.000000e+00
4.024305e+01	1.006945e+00	1.006945e+00	2.112106e-03	0.000000e+00	0.000000e+00
4.225695e+01	1.006945e+00	1.006945e+00	2.454403e-03	0.000000e+00	0.000000e+00
4.427084e+01	1.006945e+00	1.006945e+00	2.731264e-03	0.000000e+00	0.000000e+00
4.628473e+01	1.006945e+00	1.006945e+00	3.098003e-03	0.000000e+00	0.000000e+00
4.829861e+01	1.006945e+00	1.006945e+00	3.174822e-03	0.000000e+00	0.000000e+00
5.031250e+01	1.006940e+00	1.006940e+00	3.465779e-03	0.000000e+00	0.000000e+00
5.232639e+01	1.006945e+00	1.006945e+00	4.753143e-03	0.000000e+00	0.000000e+00
5.434027e+01	1.006945e+00	1.006945e+00	4.529768e-03	0.000000e+00	0.000000e+00
5.635416e+01	1.006945e+00	1.006945e+00	4.940486e-03	0.000000e+00	0.000000e+00
5.836805e+01	1.006945e+00	1.006945e+00	4.921694e-03	0.000000e+00	0.000000e+00
6.038195e+01	1.006945e+00	1.006945e+00	5.954848e-03	0.000000e+00	0.000000e+00
6.239584e+01	1.006945e+00	1.006945e+00	6.699658e-03	0.000000e+00	0.000000e+00
6.440972e+01	1.006945e+00	1.006945e+00	6.312081e-03	0.000000e+00	0.000000e+00
6.642361e+01	1.006945e+00	1.006945e+00	7.460293e-03	0.000000e+00	0.000000e+00
6.843750e+01	1.006940e+00	1.006940e+00	8.165817e-03	0.000000e+00	0.000000e+00
7.045139e+01	1.006945e+00	1.006945e+00	8.556937e-03	0.000000e+00	0.000000e+00
7.246527e+01	1.006945e+00	1.006945e+00	9.928446e-03	0.000000e+00	0.000000e+00
7.447916e+01	1.006945e+00	1.006945e+00	9.976345e-03	0.000000e+00	0.000000e+00
7.649305e+01	1.006945e+00	1.006945e+00	9.791710e-03	0.000000e+00	0.000000e+00
7.850695e+01	1.006945e+00	1.006945e+00	1.002177e-02	0.000000e+00	0.000000e+00
8.052084e+01	1.006945e+00	1.006945e+00	1.118820e-02	0.000000e+00	0.000000e+00
8.253473e+01	1.006945e+00	1.006945e+00	1.246060e-02	0.000000e+00	0.000000e+00
8.454861e+01	1.006945e+00	1.006945e+00	1.200722e-02	0.000000e+00	0.000000e+00
8.656250e+01	1.006940e+00	1.006940e+00	1.255102e-02	0.000000e+00	0.000000e+00
8.857639e+01	1.006945e+00	1.006945e+00	1.257104e-02	0.000000e+00	0.000000e+00
9.059027e+01	1.006945e+00	1.006945e+00	1.550288e-02	0.000000e+00	0.000000e+00
9.260416e+01	1.006945e+00	1.006945e+00	1.514482e-02	0.000000e+00	0.000000e+00
9.461805e+01	1.006945e+00	1.006945e+00	1.436778e-02	0.000000e+00	0.000000e+00
9.663195e+01	1.006945e+00	1.006945e+00	1.752945e-02	0.000000e+00	0.000000e+00
9.864584e+01	1.006945e+00	1.006945e+00	1.945966e-02	0.000000e+00	0.000000e+00
1.006597e+02	1.006960e+00	1.006960e+00	1.940639e-02	0.000000e+00	0.000000e+00
1.026737e+02	1.006950e+00	1.006950e+00	1.798863e-02	0.000000e+00	0.000000e+00
1.046875e+02	1.006900e+00	1.006900e+00	1.659440e-02	0.000000e+00	0.000000e+00
1.067013e+02	1.006950e+00	1.006950e+00	2.581929e-02	0.000000e+00	0.000000e+00
1.087152e+02	1.006950e+00	1.006950e+00	1.827816e-02	0.000000e+00	0.000000e+00
1.107292e+02	1.006950e+00	1.006950e+00	2.173763e-02	0.000000e+00	0.000000e+00
1.127430e+02	1.006950e+00	1.006950e+00	2.307500e-02	0.000000e+00	0.000000e+00
1.147570e+02	1.006950e+00	1.006950e+00	2.491509e-02	0.000000e+00	0.000000e+00
1.167708e+02	1.006950e+00	1.006950e+00	2.483494e-02	0.000000e+00	0.000000e+00
1.187848e+02	1.006950e+00	1.006950e+00	2.184410e-02	0.000000e+00	0.000000e+00
1.207987e+02	1.006950e+00	1.006950e+00	2.725512e-02	0.000000e+00	0.000000e+00
1.228125e+02	1.006900e+00	1.006900e+00	2.298032e-02	0.000000e+00	0.000000e+00
1.248263e+02	1.006950e+00	1.006950e+00	2.899180e-02	0.000000e+00	0.000000e+00
1.268402e+02	1.006950e+00	1.006950e+00	2.501313e-02	0.000000e+00	0.000000e+00
1.288542e+02	1.006950e+00	1.006950e+00	3.018199e-02	0.000000e+00	0.000000e+00
1.308680e+02	1.006950e+00	1.006950e+00	2.823176e-02	0.000000e+00	0.000000e+00
1.328820e+02	1.006950e+00	1.006950e+00	2.682668e-02	0.000000e+00	0.000000e+00
1.348958e+02	1.006950e+00	1.006950e+00	2.789735e-02	0.000000e+00	0.000000e+00
1.369098e+02	1.006950e+00	1.006950e+00	3.415834e-02	0.000000e+00	0.000000e+00
1.389237e+02	1.006950e+00	1.006950e+00	3.223180e-02	0.000000e+00	0.000000e+00
1.409375e+02	1.006900e+00	1.006900e+00	3.239501e-02	0.000000e+00	0.000000e+00
1.429513e+02	1.006950e+00	1.006950e+00	3.828978e-02	0.000000e+00	0.000000e+00
1.449652e+02	1.006950e+00	1.006950e+00	3.234285e-02	0.000000e+00	0.000000e+00
1.469792e+02	1.006950e+00	1.006950e+00	3.249607e-02	0.000000e+00	0.000000e+00
1.489930e+02	1.006950e+00	1.006950e+00	3.281463e-02	0.000000e+00	0.000000e+00
