# xval	 xerr-	 xerr+	 yval	 yerr-	 yerr+
1.406250e+01	1.006940e+00	1.006940e+00	1.293058e-03	0.000000e+00	0.000000e+00
1.607639e+01	1.006945e+00	1.006945e+00	1.214209e-03	0.000000e+00	0.000000e+00
1.809027e+01	1.006945e+00	1.006945e+00	1.043915e-03	0.000000e+00	0.000000e+00
2.010417e+01	1.006945e+00	1.006945e+00	8.223827e-04	0.000000e+00	0.000000e+00
2.211805e+01	1.006945e+00	1.006945e+00	7.444540e-04	0.000000e+00	0.000000e+00
2.413195e+01	1.006945e+00	1.006945e+00	8.171793e-04	0.000000e+00	0.000000e+00
2.614583e+01	1.006945e+00	1.006945e+00	9.179601e-04	0.000000e+00	0.000000e+00
2.815973e+01	1.006945e+00	1.006945e+00	1.033542e-03	0.000000e+00	0.000000e+00
3.017361e+01	1.006945e+00	1.006945e+00	1.177999e-03	0.000000e+00	0.000000e+00
3.218750e+01	1.006940e+00	1.006940e+00	1.265219e-03	0.000000e+00	0.000000e+00
3.420139e+01	1.006945e+00	1.006945e+00	1.468689e-03	0.000000e+00	0.000000e+00
3.621527e+01	1.006945e+00	1.006945e+00	1.598401e-03	0.000000e+00	0.000000e+00
3.822916e+01	1.006945e+00	1.006945e+00	1.809047e-03	0.000000e+00	0.000000e+00
4.024305e+01	1.006945e+00	1.006945e+00	1.986824e-03	0.000000e+00	0.000000e+00
4.225695e+01	1.006945e+00	1.006945e+00	2.098217e-03	0.000000e+00	0.000000e+00
4.427084e+01	1.006945e+00	1.006945e+00	2.280685e-03	0.000000e+00	0.000000e+00
4.628473e+01	1.006945e+00	1.006945e+00	2.470999e-03	0.000000e+00	0.000000e+00
4.829861e+01	1.006945e+00	1.006945e+00	2.724066e-03	0.000000e+00	0.000000e+00
5.031250e+01	1.006940e+00	1.006940e+00	2.742480e-03	0.000000e+00	0.000000e+00
5.232639e+01	1.006945e+00	1.006945e+00	3.168770e-03	0.000000e+00	0.000000e+00
5.434027e+01	1.006945e+00	1.006945e+00	3.219187e-03	0.000000e+00	0.000000e+00
5.635416e+01	1.006945e+00	1.006945e+00	3.722841e-03	0.000000e+00	0.000000e+00
5.836805e+01	1.006945e+00	1.006945e+00	3.696660e-03	0.000000e+00	0.000000e+00
6.038195e+01	1.006945e+00	1.006945e+00	4.072994e-03	0.000000e+00	0.000000e+00
6.239584e+01	1.006945e+00	1.006945e+00	4.416351e-03	0.000000e+00	0.000000e+00
6.440972e+01	1.006945e+00	1.006945e+00	4.458039e-03	0.000000e+00	0.000000e+00
6.642361e+01	1.006945e+00	1.006945e+00	4.756929e-03	0.000000e+00	0.000000e+00
6.843750e+01	1.006940e+00	1.006940e+00	5.051576e-03	0.000000e+00	0.000000e+00
7.045139e+01	1.006945e+00	1.006945e+00	5.119838e-03	0.000000e+00	0.000000e+00
7.246527e+01	1.006945e+00	1.006945e+00	5.613837e-03	0.000000e+00	0.000000e+00
7.447916e+01	1.006945e+00	1.006945e+00	6.036291e-03	0.000000e+00	0.000000e+00
7.649305e+01	1.006945e+00	1.006945e+00	5.845766e-03	0.000000e+00	0.000000e+00
7.850695e+01	1.006945e+00	1.006945e+00	6.366585e-03	0.000000e+00	0.000000e+00
8.052084e+01	1.006945e+00	1.006945e+00	6.680091e-03	0.000000e+00	0.000000e+00
8.253473e+01	1.006945e+00	1.006945e+00	6.833494e-03	0.000000e+00	0.000000e+00
8.454861e+01	1.006945e+00	1.006945e+00	7.199201e-03	0.000000e+00	0.000000e+00
8.656250e+01	1.006940e+00	1.006940e+00	8.312799e-03	0.000000e+00	0.000000e+00
8.857639e+01	1.006945e+00	1.006945e+00	7.827295e-03	0.000000e+00	0.000000e+00
9.059027e+01	1.006945e+00	1.006945e+00	7.655752e-03	0.000000e+00	0.000000e+00
9.260416e+01	1.006945e+00	1.006945e+00	8.631143e-03	0.000000e+00	0.000000e+00
9.461805e+01	1.006945e+00	1.006945e+00	7.775998e-03	0.000000e+00	0.000000e+00
9.663195e+01	1.006945e+00	1.006945e+00	8.341780e-03	0.000000e+00	0.000000e+00
9.864584e+01	1.006945e+00	1.006945e+00	8.874412e-03	0.000000e+00	0.000000e+00
1.006597e+02	1.006960e+00	1.006960e+00	9.337978e-03	0.000000e+00	0.000000e+00
1.026737e+02	1.006950e+00	1.006950e+00	9.530493e-03	0.000000e+00	0.000000e+00
1.046875e+02	1.006900e+00	1.006900e+00	9.988505e-03	0.000000e+00	0.000000e+00
1.067013e+02	1.006950e+00	1.006950e+00	1.271510e-02	0.000000e+00	0.000000e+00
1.087152e+02	1.006950e+00	1.006950e+00	1.060078e-02	0.000000e+00	0.000000e+00
1.107292e+02	1.006950e+00	1.006950e+00	1.094063e-02	0.000000e+00	0.000000e+00
1.127430e+02	1.006950e+00	1.006950e+00	1.149141e-02	0.000000e+00	0.000000e+00
1.147570e+02	1.006950e+00	1.006950e+00	1.234760e-02	0.000000e+00	0.000000e+00
1.167708e+02	1.006950e+00	1.006950e+00	1.184155e-02	0.000000e+00	0.000000e+00
1.187848e+02	1.006950e+00	1.006950e+00	1.200906e-02	0.000000e+00	0.000000e+00
1.207987e+02	1.006950e+00	1.006950e+00	1.111187e-02	0.000000e+00	0.000000e+00
1.228125e+02	1.006900e+00	1.006900e+00	1.418395e-02	0.000000e+00	0.000000e+00
1.248263e+02	1.006950e+00	1.006950e+00	1.321482e-02	0.000000e+00	0.000000e+00
1.268402e+02	1.006950e+00	1.006950e+00	1.408578e-02	0.000000e+00	0.000000e+00
1.288542e+02	1.006950e+00	1.006950e+00	1.324152e-02	0.000000e+00	0.000000e+00
1.308680e+02	1.006950e+00	1.006950e+00	1.542976e-02	0.000000e+00	0.000000e+00
1.328820e+02	1.006950e+00	1.006950e+00	1.534145e-02	0.000000e+00	0.000000e+00
1.348958e+02	1.006950e+00	1.006950e+00	1.567330e-02	0.000000e+00	0.000000e+00
1.369098e+02	1.006950e+00	1.006950e+00	1.571514e-02	0.000000e+00	0.000000e+00
1.389237e+02	1.006950e+00	1.006950e+00	1.661622e-02	0.000000e+00	0.000000e+00
1.409375e+02	1.006900e+00	1.006900e+00	1.720052e-02	0.000000e+00	0.000000e+00
1.429513e+02	1.006950e+00	1.006950e+00	1.492405e-02	0.000000e+00	0.000000e+00
1.449652e+02	1.006950e+00	1.006950e+00	1.605673e-02	0.000000e+00	0.000000e+00
1.469792e+02	1.006950e+00	1.006950e+00	1.780155e-02	0.000000e+00	0.000000e+00
1.489930e+02	1.006950e+00	1.006950e+00	1.632269e-02	0.000000e+00	0.000000e+00
