# xval	 xerr-	 xerr+	 yval	 yerr-	 yerr+
1.406250e+01	1.006940e+00	1.006940e+00	1.303739e-03	0.000000e+00	0.000000e+00
1.607639e+01	1.006945e+00	1.006945e+00	1.228048e-03	0.000000e+00	0.000000e+00
1.809027e+01	1.006945e+00	1.006945e+00	1.046907e-03	0.000000e+00	0.000000e+00
2.010417e+01	1.006945e+00	1.006945e+00	8.038950e-04	0.000000e+00	0.000000e+00
2.211805e+01	1.006945e+00	1.006945e+00	6.855998e-04	0.000000e+00	0.000000e+00
2.413195e+01	1.006945e+00	1.006945e+00	8.149369e-04	0.000000e+00	0.000000e+00
2.614583e+01	1.006945e+00	1.006945e+00	9.624159e-04	0.000000e+00	0.000000e+00
2.815973e+01	1.006945e+00	1.006945e+00	1.171366e-03	0.000000e+00	0.000000e+00
3.017361e+01	1.006945e+00	1.006945e+00	1.327922e-03	0.000000e+00	0.000000e+00
3.218750e+01	1.006940e+00	1.006940e+00	1.617099e-03	0.000000e+00	0.000000e+00
3.420139e+01	1.006945e+00	1.006945e+00	1.815939e-03	0.000000e+00	0.000000e+00
3.621527e+01	1.006945e+00	1.006945e+00	2.122663e-03	0.000000e+00	0.000000e+00
3.822916e+01	1.006945e+00	1.006945e+00	2.344195e-03	0.000000e+00	0.000000e+00
4.024305e+01	1.006945e+00	1.006945e+00	2.660426e-03	0.000000e+00	0.000000e+00
4.225695e+01	1.006945e+00	1.006945e+00	2.829340e-03	0.000000e+00	0.000000e+00
4.427084e+01	1.006945e+00	1.006945e+00	3.274398e-03	0.000000e+00	0.000000e+00
4.628473e+01	1.006945e+00	1.006945e+00	3.566065e-03	0.000000e+00	0.000000e+00
4.829861e+01	1.006945e+00	1.006945e+00	3.823021e-03	0.000000e+00	0.000000e+00
5.031250e+01	1.006940e+00	1.006940e+00	4.016033e-03	0.000000e+00	0.000000e+00
5.232639e+01	1.006945e+00	1.006945e+00	4.388606e-03	0.000000e+00	0.000000e+00
5.434027e+01	1.006945e+00	1.006945e+00	4.989817e-03	0.000000e+00	0.000000e+00
5.635416e+01	1.006945e+00	1.006945e+00	5.420588e-03	0.000000e+00	0.000000e+00
5.836805e+01	1.006945e+00	1.006945e+00	5.370176e-03	0.000000e+00	0.000000e+00
6.038195e+01	1.006945e+00	1.006945e+00	5.735378e-03	0.000000e+00	0.000000e+00
6.239584e+01	1.006945e+00	1.006945e+00	6.430299e-03	0.000000e+00	0.000000e+00
6.440972e+01	1.006945e+00	1.006945e+00	6.820423e-03	0.000000e+00	0.000000e+00
6.642361e+01	1.006945e+00	1.006945e+00	6.903376e-03	0.000000e+00	0.000000e+00
6.843750e+01	1.006940e+00	1.006940e+00	7.336307e-03	0.000000e+00	0.000000e+00
7.045139e+01	1.006945e+00	1.006945e+00	7.565613e-03	0.000000e+00	0.000000e+00
7.246527e+01	1.006945e+00	1.006945e+00	7.677734e-03	0.000000e+00	0.000000e+00
7.447916e+01	1.006945e+00	1.006945e+00	8.799281e-03	0.000000e+00	0.000000e+00
7.649305e+01	1.006945e+00	1.006945e+00	8.802807e-03	0.000000e+00	0.000000e+00
7.850695e+01	1.006945e+00	1.006945e+00	9.415536e-03	0.000000e+00	0.000000e+00
8.052084e+01	1.006945e+00	1.006945e+00	9.341825e-03	0.000000e+00	0.000000e+00
8.253473e+01	1.006945e+00	1.006945e+00	1.007387e-02	0.000000e+00	0.000000e+00
8.454861e+01	1.006945e+00	1.006945e+00	1.038574e-02	0.000000e+00	0.000000e+00
8.656250e+01	1.006940e+00	1.006940e+00	1.102332e-02	0.000000e+00	0.000000e+00
8.857639e+01	1.006945e+00	1.006945e+00	1.084704e-02	0.000000e+00	0.000000e+00
9.059027e+01	1.006945e+00	1.006945e+00	1.058474e-02	0.000000e+00	0.000000e+00
9.260416e+01	1.006945e+00	1.006945e+00	1.120795e-02	0.000000e+00	0.000000e+00
9.461805e+01	1.006945e+00	1.006945e+00	1.119572e-02	0.000000e+00	0.000000e+00
9.663195e+01	1.006945e+00	1.006945e+00	1.176672e-02	0.000000e+00	0.000000e+00
9.864584e+01	1.006945e+00	1.006945e+00	1.148436e-02	0.000000e+00	0.000000e+00
1.006597e+02	1.006960e+00	1.006960e+00	1.310117e-02	0.000000e+00	0.000000e+00
1.026737e+02	1.006950e+00	1.006950e+00	1.134736e-02	0.000000e+00	0.000000e+00
1.046875e+02	1.006900e+00	1.006900e+00	1.250618e-02	0.000000e+00	0.000000e+00
1.067013e+02	1.006950e+00	1.006950e+00	1.304494e-02	0.000000e+00	0.000000e+00
1.087152e+02	1.006950e+00	1.006950e+00	1.173152e-02	0.000000e+00	0.000000e+00
1.107292e+02	1.006950e+00	1.006950e+00	1.256059e-02	0.000000e+00	0.000000e+00
1.127430e+02	1.006950e+00	1.006950e+00	1.214413e-02	0.000000e+00	0.000000e+00
1.147570e+02	1.006950e+00	1.006950e+00	1.334105e-02	0.000000e+00	0.000000e+00
1.167708e+02	1.006950e+00	1.006950e+00	1.326934e-02	0.000000e+00	0.000000e+00
1.187848e+02	1.006950e+00	1.006950e+00	1.286419e-02	0.000000e+00	0.000000e+00
1.207987e+02	1.006950e+00	1.006950e+00	1.443573e-02	0.000000e+00	0.000000e+00
1.228125e+02	1.006900e+00	1.006900e+00	1.281707e-02	0.000000e+00	0.000000e+00
1.248263e+02	1.006950e+00	1.006950e+00	1.471274e-02	0.000000e+00	0.000000e+00
1.268402e+02	1.006950e+00	1.006950e+00	1.555809e-02	0.000000e+00	0.000000e+00
1.288542e+02	1.006950e+00	1.006950e+00	1.198936e-02	0.000000e+00	0.000000e+00
1.308680e+02	1.006950e+00	1.006950e+00	1.436380e-02	0.000000e+00	0.000000e+00
1.328820e+02	1.006950e+00	1.006950e+00	1.378151e-02	0.000000e+00	0.000000e+00
1.348958e+02	1.006950e+00	1.006950e+00	1.378775e-02	0.000000e+00	0.000000e+00
1.369098e+02	1.006950e+00	1.006950e+00	1.473489e-02	0.000000e+00	0.000000e+00
1.389237e+02	1.006950e+00	1.006950e+00	1.610905e-02	0.000000e+00	0.000000e+00
1.409375e+02	1.006900e+00	1.006900e+00	1.458163e-02	0.000000e+00	0.000000e+00
1.429513e+02	1.006950e+00	1.006950e+00	1.298177e-02	0.000000e+00	0.000000e+00
1.449652e+02	1.006950e+00	1.006950e+00	1.403560e-02	0.000000e+00	0.000000e+00
1.469792e+02	1.006950e+00	1.006950e+00	1.327190e-02	0.000000e+00	0.000000e+00
1.489930e+02	1.006950e+00	1.006950e+00	1.465673e-02	0.000000e+00	0.000000e+00
