# xval	 xerr-	 xerr+	 yval	 yerr-	 yerr+
1.406250e+01	1.006940e+00	1.006940e+00	1.028852e-03	0.000000e+00	0.000000e+00
1.607639e+01	1.006945e+00	1.006945e+00	8.852249e-04	0.000000e+00	0.000000e+00
1.809027e+01	1.006945e+00	1.006945e+00	4.676377e-04	0.000000e+00	0.000000e+00
2.010417e+01	1.006945e+00	1.006945e+00	6.552365e-04	0.000000e+00	0.000000e+00
2.211805e+01	1.006945e+00	1.006945e+00	8.464573e-04	0.000000e+00	0.000000e+00
2.413195e+01	1.006945e+00	1.006945e+00	1.096045e-03	0.000000e+00	0.000000e+00
2.614583e+01	1.006945e+00	1.006945e+00	1.319819e-03	0.000000e+00	0.000000e+00
2.815973e+01	1.006945e+00	1.006945e+00	1.574137e-03	0.000000e+00	0.000000e+00
3.017361e+01	1.006945e+00	1.006945e+00	1.845463e-03	0.000000e+00	0.000000e+00
3.218750e+01	1.006940e+00	1.006940e+00	2.119202e-03	0.000000e+00	0.000000e+00
3.420139e+01	1.006945e+00	1.006945e+00	2.412804e-03	0.000000e+00	0.000000e+00
3.621527e+01	1.006945e+00	1.006945e+00	2.746416e-03	0.000000e+00	0.000000e+00
3.822916e+01	1.006945e+00	1.006945e+00	2.949401e-03	0.000000e+00	0.000000e+00
4.024305e+01	1.006945e+00	1.006945e+00	3.401201e-03	0.000000e+00	0.000000e+00
4.225695e+01	1.006945e+00	1.006945e+00	3.483620e-03	0.000000e+00	0.000000e+00
4.427084e+01	1.006945e+00	1.006945e+00	4.060153e-03	0.000000e+00	0.000000e+00
4.628473e+01	1.006945e+00	1.006945e+00	4.196446e-03	0.000000e+00	0.000000e+00
4.829861e+01	1.006945e+00	1.006945e+00	4.659559e-03	0.000000e+00	0.000000e+00
5.031250e+01	1.006940e+00	1.006940e+00	4.754579e-03	0.000000e+00	0.000000e+00
5.232639e+01	1.006945e+00	1.006945e+00	5.564620e-03	0.000000e+00	0.000000e+00
5.434027e+01	1.006945e+00	1.006945e+00	5.586321e-03	0.000000e+00	0.000000e+00
5.635416e+01	1.006945e+00	1.006945e+00	6.198011e-03	0.000000e+00	0.000000e+00
5.836805e+01	1.006945e+00	1.006945e+00	6.548915e-03	0.000000e+00	0.000000e+00
6.038195e+01	1.006945e+00	1.006945e+00	6.417332e-03	0.000000e+00	0.000000e+00
6.239584e+01	1.006945e+00	1.006945e+00	6.824801e-03	0.000000e+00	0.000000e+00
6.440972e+01	1.006945e+00	1.006945e+00	7.597511e-03	0.000000e+00	0.000000e+00
6.642361e+01	1.006945e+00	1.006945e+00	7.644345e-03	0.000000e+00	0.000000e+00
6.843750e+01	1.006940e+00	1.006940e+00	7.972012e-03	0.000000e+00	0.000000e+00
7.045139e+01	1.006945e+00	1.006945e+00	8.399858e-03	0.000000e+00	0.000000e+00
7.246527e+01	1.006945e+00	1.006945e+00	8.994668e-03	0.000000e+00	0.000000e+00
7.447916e+01	1.006945e+00	1.006945e+00	9.257167e-03	0.000000e+00	0.000000e+00
7.649305e+01	1.006945e+00	1.006945e+00	9.377366e-03	0.000000e+00	0.000000e+00
7.850695e+01	1.006945e+00	1.006945e+00	9.771898e-03	0.000000e+00	0.000000e+00
8.052084e+01	1.006945e+00	1.006945e+00	1.062002e-02	0.000000e+00	0.000000e+00
8.253473e+01	1.006945e+00	1.006945e+00	1.049071e-02	0.000000e+00	0.000000e+00
8.454861e+01	1.006945e+00	1.006945e+00	1.130351e-02	0.000000e+00	0.000000e+00
8.656250e+01	1.006940e+00	1.006940e+00	1.095484e-02	0.000000e+00	0.000000e+00
8.857639e+01	1.006945e+00	1.006945e+00	1.072710e-02	0.000000e+00	0.000000e+00
9.059027e+01	1.006945e+00	1.006945e+00	1.081168e-02	0.000000e+00	0.000000e+00
9.260416e+01	1.006945e+00	1.006945e+00	1.159865e-02	0.000000e+00	0.000000e+00
9.461805e+01	1.006945e+00	1.006945e+00	1.207513e-02	0.000000e+00	0.000000e+00
9.663195e+01	1.006945e+00	1.006945e+00	1.272576e-02	0.000000e+00	0.000000e+00
9.864584e+01	1.006945e+00	1.006945e+00	1.315524e-02	0.000000e+00	0.000000e+00
1.006597e+02	1.006960e+00	1.006960e+00	1.335415e-02	0.000000e+00	0.000000e+00
1.026737e+02	1.006950e+00	1.006950e+00	1.378167e-02	0.000000e+00	0.000000e+00
1.046875e+02	1.006900e+00	1.006900e+00	1.329753e-02	0.000000e+00	0.000000e+00
1.067013e+02	1.006950e+00	1.006950e+00	1.443330e-02	0.000000e+00	0.000000e+00
1.087152e+02	1.006950e+00	1.006950e+00	1.624515e-02	0.000000e+00	0.000000e+00
1.107292e+02	1.006950e+00	1.006950e+00	1.348072e-02	0.000000e+00	0.000000e+00
1.127430e+02	1.006950e+00	1.006950e+00	1.618900e-02	0.000000e+00	0.000000e+00
1.147570e+02	1.006950e+00	1.006950e+00	1.481153e-02	0.000000e+00	0.000000e+00
1.167708e+02	1.006950e+00	1.006950e+00	1.603374e-02	0.000000e+00	0.000000e+00
1.187848e+02	1.006950e+00	1.006950e+00	1.590255e-02	0.000000e+00	0.000000e+00
1.207987e+02	1.006950e+00	1.006950e+00	1.765615e-02	0.000000e+00	0.000000e+00
1.228125e+02	1.006900e+00	1.006900e+00	1.794318e-02	0.000000e+00	0.000000e+00
1.248263e+02	1.006950e+00	1.006950e+00	1.720869e-02	0.000000e+00	0.000000e+00
1.268402e+02	1.006950e+00	1.006950e+00	1.709870e-02	0.000000e+00	0.000000e+00
1.288542e+02	1.006950e+00	1.006950e+00	1.659035e-02	0.000000e+00	0.000000e+00
1.308680e+02	1.006950e+00	1.006950e+00	1.753148e-02	0.000000e+00	0.000000e+00
1.328820e+02	1.006950e+00	1.006950e+00	2.028318e-02	0.000000e+00	0.000000e+00
1.348958e+02	1.006950e+00	1.006950e+00	1.783213e-02	0.000000e+00	0.000000e+00
1.369098e+02	1.006950e+00	1.006950e+00	2.336686e-02	0.000000e+00	0.000000e+00
1.389237e+02	1.006950e+00	1.006950e+00	1.786390e-02	0.000000e+00	0.000000e+00
1.409375e+02	1.006900e+00	1.006900e+00	1.883259e-02	0.000000e+00	0.000000e+00
1.429513e+02	1.006950e+00	1.006950e+00	2.635772e-02	0.000000e+00	0.000000e+00
1.449652e+02	1.006950e+00	1.006950e+00	1.855432e-02	0.000000e+00	0.000000e+00
1.469792e+02	1.006950e+00	1.006950e+00	2.166294e-02	0.000000e+00	0.000000e+00
1.489930e+02	1.006950e+00	1.006950e+00	1.994716e-02	0.000000e+00	0.000000e+00
