# xval	 xerr-	 xerr+	 yval	 yerr-	 yerr+
1.406250e+01	1.006940e+00	1.006940e+00	4.220071e-04	0.000000e+00	0.000000e+00
1.607639e+01	1.006945e+00	1.006945e+00	3.495921e-04	0.000000e+00	0.000000e+00
1.809027e+01	1.006945e+00	1.006945e+00	8.164489e-05	0.000000e+00	0.000000e+00
2.010417e+01	1.006945e+00	1.006945e+00	2.405635e-04	0.000000e+00	0.000000e+00
2.211805e+01	1.006945e+00	1.006945e+00	4.912626e-04	0.000000e+00	0.000000e+00
2.413195e+01	1.006945e+00	1.006945e+00	7.335815e-04	0.000000e+00	0.000000e+00
2.614583e+01	1.006945e+00	1.006945e+00	1.024292e-03	0.000000e+00	0.000000e+00
2.815973e+01	1.006945e+00	1.006945e+00	1.336318e-03	0.000000e+00	0.000000e+00
3.017361e+01	1.006945e+00	1.006945e+00	1.707041e-03	0.000000e+00	0.000000e+00
3.218750e+01	1.006940e+00	1.006940e+00	1.955891e-03	0.000000e+00	0.000000e+00
3.420139e+01	1.006945e+00	1.006945e+00	2.387747e-03	0.000000e+00	0.000000e+00
3.621527e+01	1.006945e+00	1.006945e+00	2.654048e-03	0.000000e+00	0.000000e+00
3.822916e+01	1.006945e+00	1.006945e+00	3.148758e-03	0.000000e+00	0.000000e+00
4.024305e+01	1.006945e+00	1.006945e+00	3.485201e-03	0.000000e+00	0.000000e+00
4.225695e+01	1.006945e+00	1.006945e+00	3.899030e-03	0.000000e+00	0.000000e+00
4.427084e+01	1.006945e+00	1.006945e+00	4.335466e-03	0.000000e+00	0.000000e+00
4.628473e+01	1.006945e+00	1.006945e+00	4.839534e-03	0.000000e+00	0.000000e+00
4.829861e+01	1.006945e+00	1.006945e+00	4.594604e-03	0.000000e+00	0.000000e+00
5.031250e+01	1.006940e+00	1.006940e+00	5.289658e-03	0.000000e+00	0.000000e+00
5.232639e+01	1.006945e+00	1.006945e+00	5.927983e-03	0.000000e+00	0.000000e+00
5.434027e+01	1.006945e+00	1.006945e+00	6.031865e-03	0.000000e+00	0.000000e+00
5.635416e+01	1.006945e+00	1.006945e+00	6.002556e-03	0.000000e+00	0.000000e+00
5.836805e+01	1.006945e+00	1.006945e+00	7.577344e-03	0.000000e+00	0.000000e+00
6.038195e+01	1.006945e+00	1.006945e+00	6.420544e-03	0.000000e+00	0.000000e+00
6.239584e+01	1.006945e+00	1.006945e+00	7.273911e-03	0.000000e+00	0.000000e+00
6.440972e+01	1.006945e+00	1.006945e+00	7.852624e-03	0.000000e+00	0.000000e+00
6.642361e+01	1.006945e+00	1.006945e+00	7.956838e-03	0.000000e+00	0.000000e+00
6.843750e+01	1.006940e+00	1.006940e+00	8.261345e-03	0.000000e+00	0.000000e+00
7.045139e+01	1.006945e+00	1.006945e+00	8.771710e-03	0.000000e+00	0.000000e+00
7.246527e+01	1.006945e+00	1.006945e+00	9.434441e-03	0.000000e+00	0.000000e+00
7.447916e+01	1.006945e+00	1.006945e+00	9.058599e-03	0.000000e+00	0.000000e+00
7.649305e+01	1.006945e+00	1.006945e+00	9.094874e-03	0.000000e+00	0.000000e+00
7.850695e+01	1.006945e+00	1.006945e+00	1.015446e-02	0.000000e+00	0.000000e+00
8.052084e+01	1.006945e+00	1.006945e+00	9.843883e-03	0.000000e+00	0.000000e+00
8.253473e+01	1.006945e+00	1.006945e+00	8.467244e-03	0.000000e+00	0.000000e+00
8.454861e+01	1.006945e+00	1.006945e+00	1.046597e-02	0.000000e+00	0.000000e+00
8.656250e+01	1.006940e+00	1.006940e+00	1.127735e-02	0.000000e+00	0.000000e+00
8.857639e+01	1.006945e+00	1.006945e+00	1.000675e-02	0.000000e+00	0.000000e+00
9.059027e+01	1.006945e+00	1.006945e+00	9.073876e-03	0.000000e+00	0.000000e+00
9.260416e+01	1.006945e+00	1.006945e+00	1.118092e-02	0.000000e+00	0.000000e+00
9.461805e+01	1.006945e+00	1.006945e+00	9.926415e-03	0.000000e+00	0.000000e+00
9.663195e+01	1.006945e+00	1.006945e+00	1.214273e-02	0.000000e+00	0.000000e+00
9.864584e+01	1.006945e+00	1.006945e+00	1.186000e-02	0.000000e+00	0.000000e+00
1.006597e+02	1.006960e+00	1.006960e+00	1.063930e-02	0.000000e+00	0.000000e+00
1.026737e+02	1.006950e+00	1.006950e+00	1.136812e-02	0.000000e+00	0.000000e+00
1.046875e+02	1.006900e+00	1.006900e+00	1.065182e-02	0.000000e+00	0.000000e+00
1.067013e+02	1.006950e+00	1.006950e+00	1.198138e-02	0.000000e+00	0.000000e+00
1.087152e+02	1.006950e+00	1.006950e+00	1.064095e-02	0.000000e+00	0.000000e+00
1.107292e+02	1.006950e+00	1.006950e+00	1.109169e-02	0.000000e+00	0.000000e+00
1.127430e+02	1.006950e+00	1.006950e+00	1.026118e-02	0.000000e+00	0.000000e+00
1.147570e+02	1.006950e+00	1.006950e+00	1.290599e-02	0.000000e+00	0.000000e+00
1.167708e+02	1.006950e+00	1.006950e+00	1.112529e-02	0.000000e+00	0.000000e+00
1.187848e+02	1.006950e+00	1.006950e+00	1.192620e-02	0.000000e+00	0.000000e+00
1.207987e+02	1.006950e+00	1.006950e+00	1.196489e-02	0.000000e+00	0.000000e+00
1.228125e+02	1.006900e+00	1.006900e+00	1.112249e-02	0.000000e+00	0.000000e+00
1.248263e+02	1.006950e+00	1.006950e+00	1.237299e-02	0.000000e+00	0.000000e+00
1.268402e+02	1.006950e+00	1.006950e+00	9.307350e-03	0.000000e+00	0.000000e+00
1.288542e+02	1.006950e+00	1.006950e+00	1.446207e-02	0.000000e+00	0.000000e+00
1.308680e+02	1.006950e+00	1.006950e+00	1.262889e-02	0.000000e+00	0.000000e+00
1.328820e+02	1.006950e+00	1.006950e+00	8.164035e-03	0.000000e+00	0.000000e+00
1.348958e+02	1.006950e+00	1.006950e+00	1.117912e-02	0.000000e+00	0.000000e+00
1.369098e+02	1.006950e+00	1.006950e+00	1.227386e-02	0.000000e+00	0.000000e+00
1.389237e+02	1.006950e+00	1.006950e+00	1.323753e-02	0.000000e+00	0.000000e+00
1.409375e+02	1.006900e+00	1.006900e+00	9.934597e-03	0.000000e+00	0.000000e+00
1.429513e+02	1.006950e+00	1.006950e+00	9.821698e-03	0.000000e+00	0.000000e+00
1.449652e+02	1.006950e+00	1.006950e+00	1.206503e-02	0.000000e+00	0.000000e+00
1.469792e+02	1.006950e+00	1.006950e+00	1.330429e-02	0.000000e+00	0.000000e+00
1.489930e+02	1.006950e+00	1.006950e+00	1.247515e-02	0.000000e+00	0.000000e+00
