# xval	 xerr-	 xerr+	 yval	 yerr-	 yerr+
1.406250e+01	1.006940e+00	1.006940e+00	1.456588e-04	0.000000e+00	0.000000e+00
1.607639e+01	1.006945e+00	1.006945e+00	1.319906e-04	0.000000e+00	0.000000e+00
1.809027e+01	1.006945e+00	1.006945e+00	1.002989e-04	0.000000e+00	0.000000e+00
2.010417e+01	1.006945e+00	1.006945e+00	3.735843e-05	0.000000e+00	0.000000e+00
2.211805e+01	1.006945e+00	1.006945e+00	-2.294102e-05	0.000000e+00	0.000000e+00
2.413195e+01	1.006945e+00	1.006945e+00	-3.552592e-05	0.000000e+00	0.000000e+00
2.614583e+01	1.006945e+00	1.006945e+00	-2.278074e-05	0.000000e+00	0.000000e+00
2.815973e+01	1.006945e+00	1.006945e+00	-6.990422e-06	0.000000e+00	0.000000e+00
3.017361e+01	1.006945e+00	1.006945e+00	2.339365e-05	0.000000e+00	0.000000e+00
3.218750e+01	1.006940e+00	1.006940e+00	4.785203e-05	0.000000e+00	0.000000e+00
3.420139e+01	1.006945e+00	1.006945e+00	8.880148e-05	0.000000e+00	0.000000e+00
3.621527e+01	1.006945e+00	1.006945e+00	1.478532e-04	0.000000e+00	0.000000e+00
3.822916e+01	1.006945e+00	1.006945e+00	2.084606e-04	0.000000e+00	0.000000e+00
4.024305e+01	1.006945e+00	1.006945e+00	3.263774e-04	0.000000e+00	0.000000e+00
4.225695e+01	1.006945e+00	1.006945e+00	3.797684e-04	0.000000e+00	0.000000e+00
4.427084e+01	1.006945e+00	1.006945e+00	4.978853e-04	0.000000e+00	0.000000e+00
4.628473e+01	1.006945e+00	1.006945e+00	5.740019e-04	0.000000e+00	0.000000e+00
4.829861e+01	1.006945e+00	1.006945e+00	6.876919e-04	0.000000e+00	0.000000e+00
5.031250e+01	1.006940e+00	1.006940e+00	7.973638e-04	0.000000e+00	0.000000e+00
5.232639e+01	1.006945e+00	1.006945e+00	9.565799e-04	0.000000e+00	0.000000e+00
5.434027e+01	1.006945e+00	1.006945e+00	1.257069e-03	0.000000e+00	0.000000e+00
5.635416e+01	1.006945e+00	1.006945e+00	1.225196e-03	0.000000e+00	0.000000e+00
5.836805e+01	1.006945e+00	1.006945e+00	1.542202e-03	0.000000e+00	0.000000e+00
6.038195e+01	1.006945e+00	1.006945e+00	1.722525e-03	0.000000e+00	0.000000e+00
6.239584e+01	1.006945e+00	1.006945e+00	1.860952e-03	0.000000e+00	0.000000e+00
6.440972e+01	1.006945e+00	1.006945e+00	2.266825e-03	0.000000e+00	0.000000e+00
6.642361e+01	1.006945e+00	1.006945e+00	2.405235e-03	0.000000e+00	0.000000e+00
6.843750e+01	1.006940e+00	1.006940e+00	2.712962e-03	0.000000e+00	0.000000e+00
7.045139e+01	1.006945e+00	1.006945e+00	2.991371e-03	0.000000e+00	0.000000e+00
7.246527e+01	1.006945e+00	1.006945e+00	3.161080e-03	0.000000e+00	0.000000e+00
7.447916e+01	1.006945e+00	1.006945e+00	3.547965e-03	0.000000e+00	0.000000e+00
7.649305e+01	1.006945e+00	1.006945e+00	3.646449e-03	0.000000e+00	0.000000e+00
7.850695e+01	1.006945e+00	1.006945e+00	4.363153e-03	0.000000e+00	0.000000e+00
8.052084e+01	1.006945e+00	1.006945e+00	4.534254e-03	0.000000e+00	0.000000e+00
8.253473e+01	1.006945e+00	1.006945e+00	5.243008e-03	0.000000e+00	0.000000e+00
8.454861e+01	1.006945e+00	1.006945e+00	5.335795e-03	0.000000e+00	0.000000e+00
8.656250e+01	1.006940e+00	1.006940e+00	5.285534e-03	0.000000e+00	0.000000e+00
8.857639e+01	1.006945e+00	1.006945e+00	6.207754e-03	0.000000e+00	0.000000e+00
9.059027e+01	1.006945e+00	1.006945e+00	6.120881e-03	0.000000e+00	0.000000e+00
9.260416e+01	1.006945e+00	1.006945e+00	7.072440e-03	0.000000e+00	0.000000e+00
9.461805e+01	1.006945e+00	1.006945e+00	6.488645e-03	0.000000e+00	0.000000e+00
9.663195e+01	1.006945e+00	1.006945e+00	7.422347e-03	0.000000e+00	0.000000e+00
9.864584e+01	1.006945e+00	1.006945e+00	7.757944e-03	0.000000e+00	0.000000e+00
1.006597e+02	1.006960e+00	1.006960e+00	8.026887e-03	0.000000e+00	0.000000e+00
1.026737e+02	1.006950e+00	1.006950e+00	8.823247e-03	0.000000e+00	0.000000e+00
1.046875e+02	1.006900e+00	1.006900e+00	9.026802e-03	0.000000e+00	0.000000e+00
1.067013e+02	1.006950e+00	1.006950e+00	9.392299e-03	0.000000e+00	0.000000e+00
1.087152e+02	1.006950e+00	1.006950e+00	1.018667e-02	0.000000e+00	0.000000e+00
1.107292e+02	1.006950e+00	1.006950e+00	9.424144e-03	0.000000e+00	0.000000e+00
1.127430e+02	1.006950e+00	1.006950e+00	1.033979e-02	0.000000e+00	0.000000e+00
1.147570e+02	1.006950e+00	1.006950e+00	1.230499e-02	0.000000e+00	0.000000e+00
1.167708e+02	1.006950e+00	1.006950e+00	1.182618e-02	0.000000e+00	0.000000e+00
1.187848e+02	1.006950e+00	1.006950e+00	1.113397e-02	0.000000e+00	0.000000e+00
1.207987e+02	1.006950e+00	1.006950e+00	1.165486e-02	0.000000e+00	0.000000e+00
1.228125e+02	1.006900e+00	1.006900e+00	1.206557e-02	0.000000e+00	0.000000e+00
1.248263e+02	1.006950e+00	1.006950e+00	1.430681e-02	0.000000e+00	0.000000e+00
1.268402e+02	1.006950e+00	1.006950e+00	1.490768e-02	0.000000e+00	0.000000e+00
1.288542e+02	1.006950e+00	1.006950e+00	1.436102e-02	0.000000e+00	0.000000e+00
1.308680e+02	1.006950e+00	1.006950e+00	1.552918e-02	0.000000e+00	0.000000e+00
1.328820e+02	1.006950e+00	1.006950e+00	1.448175e-02	0.000000e+00	0.000000e+00
1.348958e+02	1.006950e+00	1.006950e+00	1.515403e-02	0.000000e+00	0.000000e+00
1.369098e+02	1.006950e+00	1.006950e+00	1.581122e-02	0.000000e+00	0.000000e+00
1.389237e+02	1.006950e+00	1.006950e+00	1.591673e-02	0.000000e+00	0.000000e+00
1.409375e+02	1.006900e+00	1.006900e+00	1.784204e-02	0.000000e+00	0.000000e+00
1.429513e+02	1.006950e+00	1.006950e+00	1.617937e-02	0.000000e+00	0.000000e+00
1.449652e+02	1.006950e+00	1.006950e+00	1.695179e-02	0.000000e+00	0.000000e+00
1.469792e+02	1.006950e+00	1.006950e+00	1.729865e-02	0.000000e+00	0.000000e+00
1.489930e+02	1.006950e+00	1.006950e+00	1.800961e-02	0.000000e+00	0.000000e+00
