# xval	 xerr-	 xerr+	 yval	 yerr-	 yerr+
1.406250e+01	1.006940e+00	1.006940e+00	4.414690e-05	0.000000e+00	0.000000e+00
1.607639e+01	1.006945e+00	1.006945e+00	2.456755e-05	0.000000e+00	0.000000e+00
1.809027e+01	1.006945e+00	1.006945e+00	-1.062317e-04	0.000000e+00	0.000000e+00
2.010417e+01	1.006945e+00	1.006945e+00	-1.045281e-04	0.000000e+00	0.000000e+00
2.211805e+01	1.006945e+00	1.006945e+00	-8.260232e-05	0.000000e+00	0.000000e+00
2.413195e+01	1.006945e+00	1.006945e+00	-3.322359e-05	0.000000e+00	0.000000e+00
2.614583e+01	1.006945e+00	1.006945e+00	4.128487e-05	0.000000e+00	0.000000e+00
2.815973e+01	1.006945e+00	1.006945e+00	1.660735e-04	0.000000e+00	0.000000e+00
3.017361e+01	1.006945e+00	1.006945e+00	3.064577e-04	0.000000e+00	0.000000e+00
3.218750e+01	1.006940e+00	1.006940e+00	4.356766e-04	0.000000e+00	0.000000e+00
3.420139e+01	1.006945e+00	1.006945e+00	6.903829e-04	0.000000e+00	0.000000e+00
3.621527e+01	1.006945e+00	1.006945e+00	9.344641e-04	0.000000e+00	0.000000e+00
3.822916e+01	1.006945e+00	1.006945e+00	1.247632e-03	0.000000e+00	0.000000e+00
4.024305e+01	1.006945e+00	1.006945e+00	1.455970e-03	0.000000e+00	0.000000e+00
4.225695e+01	1.006945e+00	1.006945e+00	1.888116e-03	0.000000e+00	0.000000e+00
4.427084e+01	1.006945e+00	1.006945e+00	2.336384e-03	0.000000e+00	0.000000e+00
4.628473e+01	1.006945e+00	1.006945e+00	2.600161e-03	0.000000e+00	0.000000e+00
4.829861e+01	1.006945e+00	1.006945e+00	3.029309e-03	0.000000e+00	0.000000e+00
5.031250e+01	1.006940e+00	1.006940e+00	3.617413e-03	0.000000e+00	0.000000e+00
5.232639e+01	1.006945e+00	1.006945e+00	4.232667e-03	0.000000e+00	0.000000e+00
5.434027e+01	1.006945e+00	1.006945e+00	4.281404e-03	0.000000e+00	0.000000e+00
5.635416e+01	1.006945e+00	1.006945e+00	5.161664e-03	0.000000e+00	0.000000e+00
5.836805e+01	1.006945e+00	1.006945e+00	5.623708e-03	0.000000e+00	0.000000e+00
6.038195e+01	1.006945e+00	1.006945e+00	5.718237e-03	0.000000e+00	0.000000e+00
6.239584e+01	1.006945e+00	1.006945e+00	7.296896e-03	0.000000e+00	0.000000e+00
6.440972e+01	1.006945e+00	1.006945e+00	6.990898e-03	0.000000e+00	0.000000e+00
6.642361e+01	1.006945e+00	1.006945e+00	8.169571e-03	0.000000e+00	0.000000e+00
6.843750e+01	1.006940e+00	1.006940e+00	8.574406e-03	0.000000e+00	0.000000e+00
7.045139e+01	1.006945e+00	1.006945e+00	1.040771e-02	0.000000e+00	0.000000e+00
7.246527e+01	1.006945e+00	1.006945e+00	1.039649e-02	0.000000e+00	0.000000e+00
7.447916e+01	1.006945e+00	1.006945e+00	1.094696e-02	0.000000e+00	0.000000e+00
7.649305e+01	1.006945e+00	1.006945e+00	1.238925e-02	0.000000e+00	0.000000e+00
7.850695e+01	1.006945e+00	1.006945e+00	1.240529e-02	0.000000e+00	0.000000e+00
8.052084e+01	1.006945e+00	1.006945e+00	1.435961e-02	0.000000e+00	0.000000e+00
8.253473e+01	1.006945e+00	1.006945e+00	1.616542e-02	0.000000e+00	0.000000e+00
8.454861e+01	1.006945e+00	1.006945e+00	1.597140e-02	0.000000e+00	0.000000e+00
8.656250e+01	1.006940e+00	1.006940e+00	1.550124e-02	0.000000e+00	0.000000e+00
8.857639e+01	1.006945e+00	1.006945e+00	1.648694e-02	0.000000e+00	0.000000e+00
9.059027e+01	1.006945e+00	1.006945e+00	1.687155e-02	0.000000e+00	0.000000e+00
9.260416e+01	1.006945e+00	1.006945e+00	2.033706e-02	0.000000e+00	0.000000e+00
9.461805e+01	1.006945e+00	1.006945e+00	1.766011e-02	0.000000e+00	0.000000e+00
9.663195e+01	1.006945e+00	1.006945e+00	2.374210e-02	0.000000e+00	0.000000e+00
9.864584e+01	1.006945e+00	1.006945e+00	2.333143e-02	0.000000e+00	0.000000e+00
1.006597e+02	1.006960e+00	1.006960e+00	2.443704e-02	0.000000e+00	0.000000e+00
1.026737e+02	1.006950e+00	1.006950e+00	2.497977e-02	0.000000e+00	0.000000e+00
1.046875e+02	1.006900e+00	1.006900e+00	2.042711e-02	0.000000e+00	0.000000e+00
1.067013e+02	1.006950e+00	1.006950e+00	2.487802e-02	0.000000e+00	0.000000e+00
1.087152e+02	1.006950e+00	1.006950e+00	2.529750e-02	0.000000e+00	0.000000e+00
1.107292e+02	1.006950e+00	1.006950e+00	2.725258e-02	0.000000e+00	0.000000e+00
1.127430e+02	1.006950e+00	1.006950e+00	2.806667e-02	0.000000e+00	0.000000e+00
1.147570e+02	1.006950e+00	1.006950e+00	3.127575e-02	0.000000e+00	0.000000e+00
1.167708e+02	1.006950e+00	1.006950e+00	3.179141e-02	0.000000e+00	0.000000e+00
1.187848e+02	1.006950e+00	1.006950e+00	3.344849e-02	0.000000e+00	0.000000e+00
1.207987e+02	1.006950e+00	1.006950e+00	3.151009e-02	0.000000e+00	0.000000e+00
1.228125e+02	1.006900e+00	1.006900e+00	3.038187e-02	0.000000e+00	0.000000e+00
1.248263e+02	1.006950e+00	1.006950e+00	3.445049e-02	0.000000e+00	0.000000e+00
1.268402e+02	1.006950e+00	1.006950e+00	3.641154e-02	0.000000e+00	0.000000e+00
1.288542e+02	1.006950e+00	1.006950e+00	4.583189e-02	0.000000e+00	0.000000e+00
1.308680e+02	1.006950e+00	1.006950e+00	3.817117e-02	0.000000e+00	0.000000e+00
1.328820e+02	1.006950e+00	1.006950e+00	4.195528e-02	0.000000e+00	0.000000e+00
1.348958e+02	1.006950e+00	1.006950e+00	3.890994e-02	0.000000e+00	0.000000e+00
1.369098e+02	1.006950e+00	1.006950e+00	3.946667e-02	0.000000e+00	0.000000e+00
1.389237e+02	1.006950e+00	1.006950e+00	4.252329e-02	0.000000e+00	0.000000e+00
1.409375e+02	1.006900e+00	1.006900e+00	4.456697e-02	0.000000e+00	0.000000e+00
1.429513e+02	1.006950e+00	1.006950e+00	4.735036e-02	0.000000e+00	0.000000e+00
1.449652e+02	1.006950e+00	1.006950e+00	5.277827e-02	0.000000e+00	0.000000e+00
1.469792e+02	1.006950e+00	1.006950e+00	3.910490e-02	0.000000e+00	0.000000e+00
1.489930e+02	1.006950e+00	1.006950e+00	4.124451e-02	0.000000e+00	0.000000e+00
