# xval	 xerr-	 xerr+	 yval	 yerr-	 yerr+
1.406250e+01	1.006940e+00	1.006940e+00	2.639272e-03	0.000000e+00	0.000000e+00
1.607639e+01	1.006945e+00	1.006945e+00	2.533310e-03	0.000000e+00	0.000000e+00
1.809027e+01	1.006945e+00	1.006945e+00	2.027346e-03	0.000000e+00	0.000000e+00
2.010417e+01	1.006945e+00	1.006945e+00	2.103714e-03	0.000000e+00	0.000000e+00
2.211805e+01	1.006945e+00	1.006945e+00	2.245371e-03	0.000000e+00	0.000000e+00
2.413195e+01	1.006945e+00	1.006945e+00	2.456212e-03	0.000000e+00	0.000000e+00
2.614583e+01	1.006945e+00	1.006945e+00	2.581725e-03	0.000000e+00	0.000000e+00
2.815973e+01	1.006945e+00	1.006945e+00	2.760873e-03	0.000000e+00	0.000000e+00
3.017361e+01	1.006945e+00	1.006945e+00	3.038932e-03	0.000000e+00	0.000000e+00
3.218750e+01	1.006940e+00	1.006940e+00	3.104077e-03	0.000000e+00	0.000000e+00
3.420139e+01	1.006945e+00	1.006945e+00	3.439345e-03	0.000000e+00	0.000000e+00
3.621527e+01	1.006945e+00	1.006945e+00	3.516465e-03	0.000000e+00	0.000000e+00
3.822916e+01	1.006945e+00	1.006945e+00	3.869079e-03	0.000000e+00	0.000000e+00
4.024305e+01	1.006945e+00	1.006945e+00	4.252138e-03	0.000000e+00	0.000000e+00
4.225695e+01	1.006945e+00	1.006945e+00	4.321352e-03	0.000000e+00	0.000000e+00
4.427084e+01	1.006945e+00	1.006945e+00	4.510718e-03	0.000000e+00	0.000000e+00
4.628473e+01	1.006945e+00	1.006945e+00	5.116619e-03	0.000000e+00	0.000000e+00
4.829861e+01	1.006945e+00	1.006945e+00	5.039758e-03	0.000000e+00	0.000000e+00
5.031250e+01	1.006940e+00	1.006940e+00	5.410865e-03	0.000000e+00	0.000000e+00
5.232639e+01	1.006945e+00	1.006945e+00	6.006951e-03	0.000000e+00	0.000000e+00
5.434027e+01	1.006945e+00	1.006945e+00	5.814099e-03	0.000000e+00	0.000000e+00
5.635416e+01	1.006945e+00	1.006945e+00	6.078019e-03	0.000000e+00	0.000000e+00
5.836805e+01	1.006945e+00	1.006945e+00	6.721039e-03	0.000000e+00	0.000000e+00
6.038195e+01	1.006945e+00	1.006945e+00	6.819129e-03	0.000000e+00	0.000000e+00
6.239584e+01	1.006945e+00	1.006945e+00	7.049510e-03	0.000000e+00	0.000000e+00
6.440972e+01	1.006945e+00	1.006945e+00	6.904344e-03	0.000000e+00	0.000000e+00
6.642361e+01	1.006945e+00	1.006945e+00	8.226578e-03	0.000000e+00	0.000000e+00
6.843750e+01	1.006940e+00	1.006940e+00	8.010214e-03	0.000000e+00	0.000000e+00
7.045139e+01	1.006945e+00	1.006945e+00	7.909884e-03	0.000000e+00	0.000000e+00
7.246527e+01	1.006945e+00	1.006945e+00	8.382720e-03	0.000000e+00	0.000000e+00
7.447916e+01	1.006945e+00	1.006945e+00	8.906086e-03	0.000000e+00	0.000000e+00
7.649305e+01	1.006945e+00	1.006945e+00	9.134078e-03	0.000000e+00	0.000000e+00
7.850695e+01	1.006945e+00	1.006945e+00	9.055230e-03	0.000000e+00	0.000000e+00
8.052084e+01	1.006945e+00	1.006945e+00	9.963093e-03	0.000000e+00	0.000000e+00
8.253473e+01	1.006945e+00	1.006945e+00	8.044884e-03	0.000000e+00	0.000000e+00
8.454861e+01	1.006945e+00	1.006945e+00	1.000120e-02	0.000000e+00	0.000000e+00
8.656250e+01	1.006940e+00	1.006940e+00	9.695689e-03	0.000000e+00	0.000000e+00
8.857639e+01	1.006945e+00	1.006945e+00	1.002657e-02	0.000000e+00	0.000000e+00
9.059027e+01	1.006945e+00	1.006945e+00	9.655007e-03	0.000000e+00	0.000000e+00
9.260416e+01	1.006945e+00	1.006945e+00	1.073864e-02	0.000000e+00	0.000000e+00
9.461805e+01	1.006945e+00	1.006945e+00	1.145028e-02	0.000000e+00	0.000000e+00
9.663195e+01	1.006945e+00	1.006945e+00	1.125319e-02	0.000000e+00	0.000000e+00
9.864584e+01	1.006945e+00	1.006945e+00	1.289993e-02	0.000000e+00	0.000000e+00
1.006597e+02	1.006960e+00	1.006960e+00	1.165616e-02	0.000000e+00	0.000000e+00
1.026737e+02	1.006950e+00	1.006950e+00	1.142036e-02	0.000000e+00	0.000000e+00
1.046875e+02	1.006900e+00	1.006900e+00	1.045827e-02	0.000000e+00	0.000000e+00
1.067013e+02	1.006950e+00	1.006950e+00	1.401524e-02	0.000000e+00	0.000000e+00
1.087152e+02	1.006950e+00	1.006950e+00	1.260187e-02	0.000000e+00	0.000000e+00
1.107292e+02	1.006950e+00	1.006950e+00	1.282558e-02	0.000000e+00	0.000000e+00
1.127430e+02	1.006950e+00	1.006950e+00	1.264333e-02	0.000000e+00	0.000000e+00
1.147570e+02	1.006950e+00	1.006950e+00	1.226357e-02	0.000000e+00	0.000000e+00
1.167708e+02	1.006950e+00	1.006950e+00	1.432593e-02	0.000000e+00	0.000000e+00
1.187848e+02	1.006950e+00	1.006950e+00	1.323688e-02	0.000000e+00	0.000000e+00
1.207987e+02	1.006950e+00	1.006950e+00	1.541513e-02	0.000000e+00	0.000000e+00
1.228125e+02	1.006900e+00	1.006900e+00	1.360043e-02	0.000000e+00	0.000000e+00
1.248263e+02	1.006950e+00	1.006950e+00	1.198783e-02	0.000000e+00	0.000000e+00
1.268402e+02	1.006950e+00	1.006950e+00	1.657598e-02	0.000000e+00	0.000000e+00
1.288542e+02	1.006950e+00	1.006950e+00	1.745953e-02	0.000000e+00	0.000000e+00
1.308680e+02	1.006950e+00	1.006950e+00	1.172249e-02	0.000000e+00	0.000000e+00
1.328820e+02	1.006950e+00	1.006950e+00	1.413824e-02	0.000000e+00	0.000000e+00
1.348958e+02	1.006950e+00	1.006950e+00	1.411947e-02	0.000000e+00	0.000000e+00
1.369098e+02	1.006950e+00	1.006950e+00	1.618646e-02	0.000000e+00	0.000000e+00
1.389237e+02	1.006950e+00	1.006950e+00	1.566389e-02	0.000000e+00	0.000000e+00
1.409375e+02	1.006900e+00	1.006900e+00	1.220231e-02	0.000000e+00	0.000000e+00
1.429513e+02	1.006950e+00	1.006950e+00	1.776948e-02	0.000000e+00	0.000000e+00
1.449652e+02	1.006950e+00	1.006950e+00	1.276210e-02	0.000000e+00	0.000000e+00
1.469792e+02	1.006950e+00	1.006950e+00	1.373029e-02	0.000000e+00	0.000000e+00
1.489930e+02	1.006950e+00	1.006950e+00	1.284749e-02	0.000000e+00	0.000000e+00
