# xval	 xerr-	 xerr+	 yval	 yerr-	 yerr+
1.406250e+01	1.006940e+00	1.006940e+00	1.222112e-04	0.000000e+00	0.000000e+00
1.607639e+01	1.006945e+00	1.006945e+00	7.281293e-05	0.000000e+00	0.000000e+00
1.809027e+01	1.006945e+00	1.006945e+00	-1.060687e-04	0.000000e+00	0.000000e+00
2.010417e+01	1.006945e+00	1.006945e+00	-1.145331e-04	0.000000e+00	0.000000e+00
2.211805e+01	1.006945e+00	1.006945e+00	-1.161821e-04	0.000000e+00	0.000000e+00
2.413195e+01	1.006945e+00	1.006945e+00	-1.018767e-04	0.000000e+00	0.000000e+00
2.614583e+01	1.006945e+00	1.006945e+00	-8.278911e-05	0.000000e+00	0.000000e+00
2.815973e+01	1.006945e+00	1.006945e+00	-3.234602e-05	0.000000e+00	0.000000e+00
3.017361e+01	1.006945e+00	1.006945e+00	4.485842e-05	0.000000e+00	0.000000e+00
3.218750e+01	1.006940e+00	1.006940e+00	1.308172e-04	0.000000e+00	0.000000e+00
3.420139e+01	1.006945e+00	1.006945e+00	3.072877e-04	0.000000e+00	0.000000e+00
3.621527e+01	1.006945e+00	1.006945e+00	5.096712e-04	0.000000e+00	0.000000e+00
3.822916e+01	1.006945e+00	1.006945e+00	5.951139e-04	0.000000e+00	0.000000e+00
4.024305e+01	1.006945e+00	1.006945e+00	8.851041e-04	0.000000e+00	0.000000e+00
4.225695e+01	1.006945e+00	1.006945e+00	1.376837e-03	0.000000e+00	0.000000e+00
4.427084e+01	1.006945e+00	1.006945e+00	1.621915e-03	0.000000e+00	0.000000e+00
4.628473e+01	1.006945e+00	1.006945e+00	2.046891e-03	0.000000e+00	0.000000e+00
4.829861e+01	1.006945e+00	1.006945e+00	2.443037e-03	0.000000e+00	0.000000e+00
5.031250e+01	1.006940e+00	1.006940e+00	2.994297e-03	0.000000e+00	0.000000e+00
5.232639e+01	1.006945e+00	1.006945e+00	3.832880e-03	0.000000e+00	0.000000e+00
5.434027e+01	1.006945e+00	1.006945e+00	3.999551e-03	0.000000e+00	0.000000e+00
5.635416e+01	1.006945e+00	1.006945e+00	5.124810e-03	0.000000e+00	0.000000e+00
5.836805e+01	1.006945e+00	1.006945e+00	5.169536e-03	0.000000e+00	0.000000e+00
6.038195e+01	1.006945e+00	1.006945e+00	6.650727e-03	0.000000e+00	0.000000e+00
6.239584e+01	1.006945e+00	1.006945e+00	6.755617e-03	0.000000e+00	0.000000e+00
6.440972e+01	1.006945e+00	1.006945e+00	7.779282e-03	0.000000e+00	0.000000e+00
6.642361e+01	1.006945e+00	1.006945e+00	9.779026e-03	0.000000e+00	0.000000e+00
6.843750e+01	1.006940e+00	1.006940e+00	1.028984e-02	0.000000e+00	0.000000e+00
7.045139e+01	1.006945e+00	1.006945e+00	1.182464e-02	0.000000e+00	0.000000e+00
7.246527e+01	1.006945e+00	1.006945e+00	1.365774e-02	0.000000e+00	0.000000e+00
7.447916e+01	1.006945e+00	1.006945e+00	1.278374e-02	0.000000e+00	0.000000e+00
7.649305e+01	1.006945e+00	1.006945e+00	1.245378e-02	0.000000e+00	0.000000e+00
7.850695e+01	1.006945e+00	1.006945e+00	1.748822e-02	0.000000e+00	0.000000e+00
8.052084e+01	1.006945e+00	1.006945e+00	1.683335e-02	0.000000e+00	0.000000e+00
8.253473e+01	1.006945e+00	1.006945e+00	1.833472e-02	0.000000e+00	0.000000e+00
8.454861e+01	1.006945e+00	1.006945e+00	1.865925e-02	0.000000e+00	0.000000e+00
8.656250e+01	1.006940e+00	1.006940e+00	2.180200e-02	0.000000e+00	0.000000e+00
8.857639e+01	1.006945e+00	1.006945e+00	2.214884e-02	0.000000e+00	0.000000e+00
9.059027e+01	1.006945e+00	1.006945e+00	2.006526e-02	0.000000e+00	0.000000e+00
9.260416e+01	1.006945e+00	1.006945e+00	2.544111e-02	0.000000e+00	0.000000e+00
9.461805e+01	1.006945e+00	1.006945e+00	2.299933e-02	0.000000e+00	0.000000e+00
9.663195e+01	1.006945e+00	1.006945e+00	2.869763e-02	0.000000e+00	0.000000e+00
9.864584e+01	1.006945e+00	1.006945e+00	2.822246e-02	0.000000e+00	0.000000e+00
1.006597e+02	1.006960e+00	1.006960e+00	3.006634e-02	0.000000e+00	0.000000e+00
1.026737e+02	1.006950e+00	1.006950e+00	3.255949e-02	0.000000e+00	0.000000e+00
1.046875e+02	1.006900e+00	1.006900e+00	3.241816e-02	0.000000e+00	0.000000e+00
1.067013e+02	1.006950e+00	1.006950e+00	3.432437e-02	0.000000e+00	0.000000e+00
1.087152e+02	1.006950e+00	1.006950e+00	3.540411e-02	0.000000e+00	0.000000e+00
1.107292e+02	1.006950e+00	1.006950e+00	3.911825e-02	0.000000e+00	0.000000e+00
1.127430e+02	1.006950e+00	1.006950e+00	3.772864e-02	0.000000e+00	0.000000e+00
1.147570e+02	1.006950e+00	1.006950e+00	3.985578e-02	0.000000e+00	0.000000e+00
1.167708e+02	1.006950e+00	1.006950e+00	4.165156e-02	0.000000e+00	0.000000e+00
1.187848e+02	1.006950e+00	1.006950e+00	4.167897e-02	0.000000e+00	0.000000e+00
1.207987e+02	1.006950e+00	1.006950e+00	4.439060e-02	0.000000e+00	0.000000e+00
1.228125e+02	1.006900e+00	1.006900e+00	4.581791e-02	0.000000e+00	0.000000e+00
1.248263e+02	1.006950e+00	1.006950e+00	4.303182e-02	0.000000e+00	0.000000e+00
1.268402e+02	1.006950e+00	1.006950e+00	4.975884e-02	0.000000e+00	0.000000e+00
1.288542e+02	1.006950e+00	1.006950e+00	5.363432e-02	0.000000e+00	0.000000e+00
1.308680e+02	1.006950e+00	1.006950e+00	4.745372e-02	0.000000e+00	0.000000e+00
1.328820e+02	1.006950e+00	1.006950e+00	4.946993e-02	0.000000e+00	0.000000e+00
1.348958e+02	1.006950e+00	1.006950e+00	4.571690e-02	0.000000e+00	0.000000e+00
1.369098e+02	1.006950e+00	1.006950e+00	5.221523e-02	0.000000e+00	0.000000e+00
1.389237e+02	1.006950e+00	1.006950e+00	5.745534e-02	0.000000e+00	0.000000e+00
1.409375e+02	1.006900e+00	1.006900e+00	5.422599e-02	0.000000e+00	0.000000e+00
1.429513e+02	1.006950e+00	1.006950e+00	5.689693e-02	0.000000e+00	0.000000e+00
1.449652e+02	1.006950e+00	1.006950e+00	5.465849e-02	0.000000e+00	0.000000e+00
1.469792e+02	1.006950e+00	1.006950e+00	5.979114e-02	0.000000e+00	0.000000e+00
1.489930e+02	1.006950e+00	1.006950e+00	6.049727e-02	0.000000e+00	0.000000e+00
