# xval	 xerr-	 xerr+	 yval	 yerr-	 yerr+
1.406250e+01	1.006940e+00	1.006940e+00	1.150238e-03	0.000000e+00	0.000000e+00
1.607639e+01	1.006945e+00	1.006945e+00	9.405091e-04	0.000000e+00	0.000000e+00
1.809027e+01	1.006945e+00	1.006945e+00	3.467570e-04	0.000000e+00	0.000000e+00
2.010417e+01	1.006945e+00	1.006945e+00	6.084904e-04	0.000000e+00	0.000000e+00
2.211805e+01	1.006945e+00	1.006945e+00	9.092323e-04	0.000000e+00	0.000000e+00
2.413195e+01	1.006945e+00	1.006945e+00	1.223756e-03	0.000000e+00	0.000000e+00
2.614583e+01	1.006945e+00	1.006945e+00	1.657867e-03	0.000000e+00	0.000000e+00
2.815973e+01	1.006945e+00	1.006945e+00	2.002014e-03	0.000000e+00	0.000000e+00
3.017361e+01	1.006945e+00	1.006945e+00	2.463631e-03	0.000000e+00	0.000000e+00
3.218750e+01	1.006940e+00	1.006940e+00	2.929266e-03	0.000000e+00	0.000000e+00
3.420139e+01	1.006945e+00	1.006945e+00	3.308696e-03	0.000000e+00	0.000000e+00
3.621527e+01	1.006945e+00	1.006945e+00	3.990302e-03	0.000000e+00	0.000000e+00
3.822916e+01	1.006945e+00	1.006945e+00	4.658594e-03	0.000000e+00	0.000000e+00
4.024305e+01	1.006945e+00	1.006945e+00	5.094918e-03	0.000000e+00	0.000000e+00
4.225695e+01	1.006945e+00	1.006945e+00	5.538332e-03	0.000000e+00	0.000000e+00
4.427084e+01	1.006945e+00	1.006945e+00	6.300341e-03	0.000000e+00	0.000000e+00
4.628473e+01	1.006945e+00	1.006945e+00	6.909613e-03	0.000000e+00	0.000000e+00
4.829861e+01	1.006945e+00	1.006945e+00	7.434719e-03	0.000000e+00	0.000000e+00
5.031250e+01	1.006940e+00	1.006940e+00	8.488977e-03	0.000000e+00	0.000000e+00
5.232639e+01	1.006945e+00	1.006945e+00	8.182083e-03	0.000000e+00	0.000000e+00
5.434027e+01	1.006945e+00	1.006945e+00	9.290387e-03	0.000000e+00	0.000000e+00
5.635416e+01	1.006945e+00	1.006945e+00	1.036277e-02	0.000000e+00	0.000000e+00
5.836805e+01	1.006945e+00	1.006945e+00	1.027135e-02	0.000000e+00	0.000000e+00
6.038195e+01	1.006945e+00	1.006945e+00	9.853307e-03	0.000000e+00	0.000000e+00
6.239584e+01	1.006945e+00	1.006945e+00	1.086540e-02	0.000000e+00	0.000000e+00
6.440972e+01	1.006945e+00	1.006945e+00	1.227825e-02	0.000000e+00	0.000000e+00
6.642361e+01	1.006945e+00	1.006945e+00	1.275676e-02	0.000000e+00	0.000000e+00
6.843750e+01	1.006940e+00	1.006940e+00	1.216914e-02	0.000000e+00	0.000000e+00
7.045139e+01	1.006945e+00	1.006945e+00	1.410700e-02	0.000000e+00	0.000000e+00
7.246527e+01	1.006945e+00	1.006945e+00	1.385525e-02	0.000000e+00	0.000000e+00
7.447916e+01	1.006945e+00	1.006945e+00	1.538462e-02	0.000000e+00	0.000000e+00
7.649305e+01	1.006945e+00	1.006945e+00	1.475744e-02	0.000000e+00	0.000000e+00
7.850695e+01	1.006945e+00	1.006945e+00	1.591508e-02	0.000000e+00	0.000000e+00
8.052084e+01	1.006945e+00	1.006945e+00	1.749284e-02	0.000000e+00	0.000000e+00
8.253473e+01	1.006945e+00	1.006945e+00	1.645199e-02	0.000000e+00	0.000000e+00
8.454861e+01	1.006945e+00	1.006945e+00	1.821938e-02	0.000000e+00	0.000000e+00
8.656250e+01	1.006940e+00	1.006940e+00	1.896286e-02	0.000000e+00	0.000000e+00
8.857639e+01	1.006945e+00	1.006945e+00	1.880694e-02	0.000000e+00	0.000000e+00
9.059027e+01	1.006945e+00	1.006945e+00	1.769896e-02	0.000000e+00	0.000000e+00
9.260416e+01	1.006945e+00	1.006945e+00	1.976309e-02	0.000000e+00	0.000000e+00
9.461805e+01	1.006945e+00	1.006945e+00	1.983498e-02	0.000000e+00	0.000000e+00
9.663195e+01	1.006945e+00	1.006945e+00	2.263060e-02	0.000000e+00	0.000000e+00
9.864584e+01	1.006945e+00	1.006945e+00	2.165354e-02	0.000000e+00	0.000000e+00
1.006597e+02	1.006960e+00	1.006960e+00	2.198635e-02	0.000000e+00	0.000000e+00
1.026737e+02	1.006950e+00	1.006950e+00	2.170520e-02	0.000000e+00	0.000000e+00
1.046875e+02	1.006900e+00	1.006900e+00	2.651259e-02	0.000000e+00	0.000000e+00
1.067013e+02	1.006950e+00	1.006950e+00	2.650699e-02	0.000000e+00	0.000000e+00
1.087152e+02	1.006950e+00	1.006950e+00	2.628448e-02	0.000000e+00	0.000000e+00
1.107292e+02	1.006950e+00	1.006950e+00	2.234238e-02	0.000000e+00	0.000000e+00
1.127430e+02	1.006950e+00	1.006950e+00	2.782756e-02	0.000000e+00	0.000000e+00
1.147570e+02	1.006950e+00	1.006950e+00	2.503129e-02	0.000000e+00	0.000000e+00
1.167708e+02	1.006950e+00	1.006950e+00	2.935486e-02	0.000000e+00	0.000000e+00
1.187848e+02	1.006950e+00	1.006950e+00	2.884731e-02	0.000000e+00	0.000000e+00
1.207987e+02	1.006950e+00	1.006950e+00	3.020055e-02	0.000000e+00	0.000000e+00
1.228125e+02	1.006900e+00	1.006900e+00	3.064038e-02	0.000000e+00	0.000000e+00
1.248263e+02	1.006950e+00	1.006950e+00	2.867116e-02	0.000000e+00	0.000000e+00
1.268402e+02	1.006950e+00	1.006950e+00	3.054934e-02	0.000000e+00	0.000000e+00
1.288542e+02	1.006950e+00	1.006950e+00	3.584357e-02	0.000000e+00	0.000000e+00
1.308680e+02	1.006950e+00	1.006950e+00	3.113920e-02	0.000000e+00	0.000000e+00
1.328820e+02	1.006950e+00	1.006950e+00	3.983374e-02	0.000000e+00	0.000000e+00
1.348958e+02	1.006950e+00	1.006950e+00	3.433298e-02	0.000000e+00	0.000000e+00
1.369098e+02	1.006950e+00	1.006950e+00	3.619640e-02	0.000000e+00	0.000000e+00
1.389237e+02	1.006950e+00	1.006950e+00	3.723953e-02	0.000000e+00	0.000000e+00
1.409375e+02	1.006900e+00	1.006900e+00	3.493635e-02	0.000000e+00	0.000000e+00
1.429513e+02	1.006950e+00	1.006950e+00	3.878906e-02	0.000000e+00	0.000000e+00
1.449652e+02	1.006950e+00	1.006950e+00	3.633400e-02	0.000000e+00	0.000000e+00
1.469792e+02	1.006950e+00	1.006950e+00	3.347457e-02	0.000000e+00	0.000000e+00
1.489930e+02	1.006950e+00	1.006950e+00	3.675906e-02	0.000000e+00	0.000000e+00
