# xval	 xerr-	 xerr+	 yval	 yerr-	 yerr+
1.406250e+01	1.006940e+00	1.006940e+00	1.739562e-03	0.000000e+00	0.000000e+00
1.607639e+01	1.006945e+00	1.006945e+00	1.632458e-03	0.000000e+00	0.000000e+00
1.809027e+01	1.006945e+00	1.006945e+00	1.391042e-03	0.000000e+00	0.000000e+00
2.010417e+01	1.006945e+00	1.006945e+00	1.124518e-03	0.000000e+00	0.000000e+00
2.211805e+01	1.006945e+00	1.006945e+00	1.037477e-03	0.000000e+00	0.000000e+00
2.413195e+01	1.006945e+00	1.006945e+00	1.107188e-03	0.000000e+00	0.000000e+00
2.614583e+01	1.006945e+00	1.006945e+00	1.206020e-03	0.000000e+00	0.000000e+00
2.815973e+01	1.006945e+00	1.006945e+00	1.332581e-03	0.000000e+00	0.000000e+00
3.017361e+01	1.006945e+00	1.006945e+00	1.437161e-03	0.000000e+00	0.000000e+00
3.218750e+01	1.006940e+00	1.006940e+00	1.551565e-03	0.000000e+00	0.000000e+00
3.420139e+01	1.006945e+00	1.006945e+00	1.652214e-03	0.000000e+00	0.000000e+00
3.621527e+01	1.006945e+00	1.006945e+00	1.788968e-03	0.000000e+00	0.000000e+00
3.822916e+01	1.006945e+00	1.006945e+00	1.957339e-03	0.000000e+00	0.000000e+00
4.024305e+01	1.006945e+00	1.006945e+00	2.136969e-03	0.000000e+00	0.000000e+00
4.225695e+01	1.006945e+00	1.006945e+00	2.143801e-03	0.000000e+00	0.000000e+00
4.427084e+01	1.006945e+00	1.006945e+00	2.304044e-03	0.000000e+00	0.000000e+00
4.628473e+01	1.006945e+00	1.006945e+00	2.523058e-03	0.000000e+00	0.000000e+00
4.829861e+01	1.006945e+00	1.006945e+00	2.675146e-03	0.000000e+00	0.000000e+00
5.031250e+01	1.006940e+00	1.006940e+00	2.734363e-03	0.000000e+00	0.000000e+00
5.232639e+01	1.006945e+00	1.006945e+00	2.891973e-03	0.000000e+00	0.000000e+00
5.434027e+01	1.006945e+00	1.006945e+00	2.825627e-03	0.000000e+00	0.000000e+00
5.635416e+01	1.006945e+00	1.006945e+00	3.091747e-03	0.000000e+00	0.000000e+00
5.836805e+01	1.006945e+00	1.006945e+00	3.215492e-03	0.000000e+00	0.000000e+00
6.038195e+01	1.006945e+00	1.006945e+00	3.420898e-03	0.000000e+00	0.000000e+00
6.239584e+01	1.006945e+00	1.006945e+00	3.782364e-03	0.000000e+00	0.000000e+00
6.440972e+01	1.006945e+00	1.006945e+00	3.704585e-03	0.000000e+00	0.000000e+00
6.642361e+01	1.006945e+00	1.006945e+00	3.836273e-03	0.000000e+00	0.000000e+00
6.843750e+01	1.006940e+00	1.006940e+00	3.865690e-03	0.000000e+00	0.000000e+00
7.045139e+01	1.006945e+00	1.006945e+00	4.050554e-03	0.000000e+00	0.000000e+00
7.246527e+01	1.006945e+00	1.006945e+00	4.446611e-03	0.000000e+00	0.000000e+00
7.447916e+01	1.006945e+00	1.006945e+00	4.433893e-03	0.000000e+00	0.000000e+00
7.649305e+01	1.006945e+00	1.006945e+00	4.147363e-03	0.000000e+00	0.000000e+00
7.850695e+01	1.006945e+00	1.006945e+00	4.556851e-03	0.000000e+00	0.000000e+00
8.052084e+01	1.006945e+00	1.006945e+00	4.244048e-03	0.000000e+00	0.000000e+00
8.253473e+01	1.006945e+00	1.006945e+00	4.837079e-03	0.000000e+00	0.000000e+00
8.454861e+01	1.006945e+00	1.006945e+00	5.021400e-03	0.000000e+00	0.000000e+00
8.656250e+01	1.006940e+00	1.006940e+00	5.096039e-03	0.000000e+00	0.000000e+00
8.857639e+01	1.006945e+00	1.006945e+00	4.971006e-03	0.000000e+00	0.000000e+00
9.059027e+01	1.006945e+00	1.006945e+00	5.222924e-03	0.000000e+00	0.000000e+00
9.260416e+01	1.006945e+00	1.006945e+00	5.400265e-03	0.000000e+00	0.000000e+00
9.461805e+01	1.006945e+00	1.006945e+00	5.776388e-03	0.000000e+00	0.000000e+00
9.663195e+01	1.006945e+00	1.006945e+00	5.683669e-03	0.000000e+00	0.000000e+00
9.864584e+01	1.006945e+00	1.006945e+00	5.614119e-03	0.000000e+00	0.000000e+00
1.006597e+02	1.006960e+00	1.006960e+00	6.007662e-03	0.000000e+00	0.000000e+00
1.026737e+02	1.006950e+00	1.006950e+00	5.199353e-03	0.000000e+00	0.000000e+00
1.046875e+02	1.006900e+00	1.006900e+00	5.815339e-03	0.000000e+00	0.000000e+00
1.067013e+02	1.006950e+00	1.006950e+00	5.651044e-03	0.000000e+00	0.000000e+00
1.087152e+02	1.006950e+00	1.006950e+00	6.681128e-03	0.000000e+00	0.000000e+00
1.107292e+02	1.006950e+00	1.006950e+00	5.766839e-03	0.000000e+00	0.000000e+00
1.127430e+02	1.006950e+00	1.006950e+00	6.296595e-03	0.000000e+00	0.000000e+00
1.147570e+02	1.006950e+00	1.006950e+00	6.494308e-03	0.000000e+00	0.000000e+00
1.167708e+02	1.006950e+00	1.006950e+00	7.142012e-03	0.000000e+00	0.000000e+00
1.187848e+02	1.006950e+00	1.006950e+00	6.224190e-03	0.000000e+00	0.000000e+00
1.207987e+02	1.006950e+00	1.006950e+00	6.423229e-03	0.000000e+00	0.000000e+00
1.228125e+02	1.006900e+00	1.006900e+00	6.702850e-03	0.000000e+00	0.000000e+00
1.248263e+02	1.006950e+00	1.006950e+00	7.122953e-03	0.000000e+00	0.000000e+00
1.268402e+02	1.006950e+00	1.006950e+00	6.650688e-03	0.000000e+00	0.000000e+00
1.288542e+02	1.006950e+00	1.006950e+00	6.718480e-03	0.000000e+00	0.000000e+00
1.308680e+02	1.006950e+00	1.006950e+00	8.044657e-03	0.000000e+00	0.000000e+00
1.328820e+02	1.006950e+00	1.006950e+00	6.902180e-03	0.000000e+00	0.000000e+00
1.348958e+02	1.006950e+00	1.006950e+00	7.538560e-03	0.000000e+00	0.000000e+00
1.369098e+02	1.006950e+00	1.006950e+00	8.147313e-03	0.000000e+00	0.000000e+00
1.389237e+02	1.006950e+00	1.006950e+00	7.394138e-03	0.000000e+00	0.000000e+00
1.409375e+02	1.006900e+00	1.006900e+00	8.590482e-03	0.000000e+00	0.000000e+00
1.429513e+02	1.006950e+00	1.006950e+00	7.600649e-03	0.000000e+00	0.000000e+00
1.449652e+02	1.006950e+00	1.006950e+00	7.765158e-03	0.000000e+00	0.000000e+00
1.469792e+02	1.006950e+00	1.006950e+00	8.965650e-03	0.000000e+00	0.000000e+00
1.489930e+02	1.006950e+00	1.006950e+00	8.944931e-03	0.000000e+00	0.000000e+00
