# xval	 xerr-	 xerr+	 yval	 yerr-	 yerr+
1.406250e+01	1.006940e+00	1.006940e+00	4.185829e-04	0.000000e+00	0.000000e+00
1.607639e+01	1.006945e+00	1.006945e+00	3.390910e-04	0.000000e+00	0.000000e+00
1.809027e+01	1.006945e+00	1.006945e+00	9.479515e-05	0.000000e+00	0.000000e+00
2.010417e+01	1.006945e+00	1.006945e+00	1.066990e-04	0.000000e+00	0.000000e+00
2.211805e+01	1.006945e+00	1.006945e+00	1.253086e-04	0.000000e+00	0.000000e+00
2.413195e+01	1.006945e+00	1.006945e+00	1.376993e-04	0.000000e+00	0.000000e+00
2.614583e+01	1.006945e+00	1.006945e+00	1.478074e-04	0.000000e+00	0.000000e+00
2.815973e+01	1.006945e+00	1.006945e+00	1.853510e-04	0.000000e+00	0.000000e+00
3.017361e+01	1.006945e+00	1.006945e+00	1.952004e-04	0.000000e+00	0.000000e+00
3.218750e+01	1.006940e+00	1.006940e+00	2.330265e-04	0.000000e+00	0.000000e+00
3.420139e+01	1.006945e+00	1.006945e+00	2.989973e-04	0.000000e+00	0.000000e+00
3.621527e+01	1.006945e+00	1.006945e+00	3.827478e-04	0.000000e+00	0.000000e+00
3.822916e+01	1.006945e+00	1.006945e+00	4.128259e-04	0.000000e+00	0.000000e+00
4.024305e+01	1.006945e+00	1.006945e+00	5.591832e-04	0.000000e+00	0.000000e+00
4.225695e+01	1.006945e+00	1.006945e+00	6.257356e-04	0.000000e+00	0.000000e+00
4.427084e+01	1.006945e+00	1.006945e+00	7.538702e-04	0.000000e+00	0.000000e+00
4.628473e+01	1.006945e+00	1.006945e+00	9.099806e-04	0.000000e+00	0.000000e+00
4.829861e+01	1.006945e+00	1.006945e+00	1.106916e-03	0.000000e+00	0.000000e+00
5.031250e+01	1.006940e+00	1.006940e+00	1.232113e-03	0.000000e+00	0.000000e+00
5.232639e+01	1.006945e+00	1.006945e+00	1.473290e-03	0.000000e+00	0.000000e+00
5.434027e+01	1.006945e+00	1.006945e+00	1.629854e-03	0.000000e+00	0.000000e+00
5.635416e+01	1.006945e+00	1.006945e+00	1.905022e-03	0.000000e+00	0.000000e+00
5.836805e+01	1.006945e+00	1.006945e+00	1.989739e-03	0.000000e+00	0.000000e+00
6.038195e+01	1.006945e+00	1.006945e+00	2.255604e-03	0.000000e+00	0.000000e+00
6.239584e+01	1.006945e+00	1.006945e+00	2.554244e-03	0.000000e+00	0.000000e+00
6.440972e+01	1.006945e+00	1.006945e+00	3.058357e-03	0.000000e+00	0.000000e+00
6.642361e+01	1.006945e+00	1.006945e+00	2.912366e-03	0.000000e+00	0.000000e+00
6.843750e+01	1.006940e+00	1.006940e+00	3.421806e-03	0.000000e+00	0.000000e+00
7.045139e+01	1.006945e+00	1.006945e+00	3.578277e-03	0.000000e+00	0.000000e+00
7.246527e+01	1.006945e+00	1.006945e+00	4.013369e-03	0.000000e+00	0.000000e+00
7.447916e+01	1.006945e+00	1.006945e+00	4.245354e-03	0.000000e+00	0.000000e+00
7.649305e+01	1.006945e+00	1.006945e+00	4.810889e-03	0.000000e+00	0.000000e+00
7.850695e+01	1.006945e+00	1.006945e+00	4.737433e-03	0.000000e+00	0.000000e+00
8.052084e+01	1.006945e+00	1.006945e+00	5.445897e-03	0.000000e+00	0.000000e+00
8.253473e+01	1.006945e+00	1.006945e+00	5.750898e-03	0.000000e+00	0.000000e+00
8.454861e+01	1.006945e+00	1.006945e+00	5.915526e-03	0.000000e+00	0.000000e+00
8.656250e+01	1.006940e+00	1.006940e+00	6.936340e-03	0.000000e+00	0.000000e+00
8.857639e+01	1.006945e+00	1.006945e+00	6.971084e-03	0.000000e+00	0.000000e+00
9.059027e+01	1.006945e+00	1.006945e+00	6.595443e-03	0.000000e+00	0.000000e+00
9.260416e+01	1.006945e+00	1.006945e+00	8.109340e-03	0.000000e+00	0.000000e+00
9.461805e+01	1.006945e+00	1.006945e+00	8.846870e-03	0.000000e+00	0.000000e+00
9.663195e+01	1.006945e+00	1.006945e+00	7.610018e-03	0.000000e+00	0.000000e+00
9.864584e+01	1.006945e+00	1.006945e+00	9.281648e-03	0.000000e+00	0.000000e+00
1.006597e+02	1.006960e+00	1.006960e+00	1.032539e-02	0.000000e+00	0.000000e+00
1.026737e+02	1.006950e+00	1.006950e+00	9.236464e-03	0.000000e+00	0.000000e+00
1.046875e+02	1.006900e+00	1.006900e+00	1.103697e-02	0.000000e+00	0.000000e+00
1.067013e+02	1.006950e+00	1.006950e+00	1.169357e-02	0.000000e+00	0.000000e+00
1.087152e+02	1.006950e+00	1.006950e+00	1.231566e-02	0.000000e+00	0.000000e+00
1.107292e+02	1.006950e+00	1.006950e+00	1.254348e-02	0.000000e+00	0.000000e+00
1.127430e+02	1.006950e+00	1.006950e+00	1.170379e-02	0.000000e+00	0.000000e+00
1.147570e+02	1.006950e+00	1.006950e+00	1.217135e-02	0.000000e+00	0.000000e+00
1.167708e+02	1.006950e+00	1.006950e+00	1.521046e-02	0.000000e+00	0.000000e+00
1.187848e+02	1.006950e+00	1.006950e+00	1.576935e-02	0.000000e+00	0.000000e+00
1.207987e+02	1.006950e+00	1.006950e+00	1.404043e-02	0.000000e+00	0.000000e+00
1.228125e+02	1.006900e+00	1.006900e+00	1.777059e-02	0.000000e+00	0.000000e+00
1.248263e+02	1.006950e+00	1.006950e+00	1.501291e-02	0.000000e+00	0.000000e+00
1.268402e+02	1.006950e+00	1.006950e+00	1.941058e-02	0.000000e+00	0.000000e+00
1.288542e+02	1.006950e+00	1.006950e+00	1.662036e-02	0.000000e+00	0.000000e+00
1.308680e+02	1.006950e+00	1.006950e+00	1.767131e-02	0.000000e+00	0.000000e+00
1.328820e+02	1.006950e+00	1.006950e+00	2.296059e-02	0.000000e+00	0.000000e+00
1.348958e+02	1.006950e+00	1.006950e+00	2.051636e-02	0.000000e+00	0.000000e+00
1.369098e+02	1.006950e+00	1.006950e+00	2.485575e-02	0.000000e+00	0.000000e+00
1.389237e+02	1.006950e+00	1.006950e+00	2.311399e-02	0.000000e+00	0.000000e+00
1.409375e+02	1.006900e+00	1.006900e+00	2.474728e-02	0.000000e+00	0.000000e+00
1.429513e+02	1.006950e+00	1.006950e+00	2.647340e-02	0.000000e+00	0.000000e+00
1.449652e+02	1.006950e+00	1.006950e+00	2.363398e-02	0.000000e+00	0.000000e+00
1.469792e+02	1.006950e+00	1.006950e+00	2.844604e-02	0.000000e+00	0.000000e+00
1.489930e+02	1.006950e+00	1.006950e+00	2.586941e-02	0.000000e+00	0.000000e+00
