# xval	 xerr-	 xerr+	 yval	 yerr-	 yerr+
1.406250e+01	1.006940e+00	1.006940e+00	1.376243e-03	0.000000e+00	0.000000e+00
1.607639e+01	1.006945e+00	1.006945e+00	1.242483e-03	0.000000e+00	0.000000e+00
1.809027e+01	1.006945e+00	1.006945e+00	1.083892e-03	0.000000e+00	0.000000e+00
2.010417e+01	1.006945e+00	1.006945e+00	8.834131e-04	0.000000e+00	0.000000e+00
2.211805e+01	1.006945e+00	1.006945e+00	8.237931e-04	0.000000e+00	0.000000e+00
2.413195e+01	1.006945e+00	1.006945e+00	9.512313e-04	0.000000e+00	0.000000e+00
2.614583e+01	1.006945e+00	1.006945e+00	1.094967e-03	0.000000e+00	0.000000e+00
2.815973e+01	1.006945e+00	1.006945e+00	1.277176e-03	0.000000e+00	0.000000e+00
3.017361e+01	1.006945e+00	1.006945e+00	1.417734e-03	0.000000e+00	0.000000e+00
3.218750e+01	1.006940e+00	1.006940e+00	1.573315e-03	0.000000e+00	0.000000e+00
3.420139e+01	1.006945e+00	1.006945e+00	1.721174e-03	0.000000e+00	0.000000e+00
3.621527e+01	1.006945e+00	1.006945e+00	1.915495e-03	0.000000e+00	0.000000e+00
3.822916e+01	1.006945e+00	1.006945e+00	2.107831e-03	0.000000e+00	0.000000e+00
4.024305e+01	1.006945e+00	1.006945e+00	2.254351e-03	0.000000e+00	0.000000e+00
4.225695e+01	1.006945e+00	1.006945e+00	2.355197e-03	0.000000e+00	0.000000e+00
4.427084e+01	1.006945e+00	1.006945e+00	2.595972e-03	0.000000e+00	0.000000e+00
4.628473e+01	1.006945e+00	1.006945e+00	2.644440e-03	0.000000e+00	0.000000e+00
4.829861e+01	1.006945e+00	1.006945e+00	2.873594e-03	0.000000e+00	0.000000e+00
5.031250e+01	1.006940e+00	1.006940e+00	2.886714e-03	0.000000e+00	0.000000e+00
5.232639e+01	1.006945e+00	1.006945e+00	3.243902e-03	0.000000e+00	0.000000e+00
5.434027e+01	1.006945e+00	1.006945e+00	3.299011e-03	0.000000e+00	0.000000e+00
5.635416e+01	1.006945e+00	1.006945e+00	3.335972e-03	0.000000e+00	0.000000e+00
5.836805e+01	1.006945e+00	1.006945e+00	3.570060e-03	0.000000e+00	0.000000e+00
6.038195e+01	1.006945e+00	1.006945e+00	3.735734e-03	0.000000e+00	0.000000e+00
6.239584e+01	1.006945e+00	1.006945e+00	3.902299e-03	0.000000e+00	0.000000e+00
6.440972e+01	1.006945e+00	1.006945e+00	4.061743e-03	0.000000e+00	0.000000e+00
6.642361e+01	1.006945e+00	1.006945e+00	4.257701e-03	0.000000e+00	0.000000e+00
6.843750e+01	1.006940e+00	1.006940e+00	3.998931e-03	0.000000e+00	0.000000e+00
7.045139e+01	1.006945e+00	1.006945e+00	4.205757e-03	0.000000e+00	0.000000e+00
7.246527e+01	1.006945e+00	1.006945e+00	4.526147e-03	0.000000e+00	0.000000e+00
7.447916e+01	1.006945e+00	1.006945e+00	4.651926e-03	0.000000e+00	0.000000e+00
7.649305e+01	1.006945e+00	1.006945e+00	4.809593e-03	0.000000e+00	0.000000e+00
7.850695e+01	1.006945e+00	1.006945e+00	4.913173e-03	0.000000e+00	0.000000e+00
8.052084e+01	1.006945e+00	1.006945e+00	4.536611e-03	0.000000e+00	0.000000e+00
8.253473e+01	1.006945e+00	1.006945e+00	5.150176e-03	0.000000e+00	0.000000e+00
8.454861e+01	1.006945e+00	1.006945e+00	5.238337e-03	0.000000e+00	0.000000e+00
8.656250e+01	1.006940e+00	1.006940e+00	4.869325e-03	0.000000e+00	0.000000e+00
8.857639e+01	1.006945e+00	1.006945e+00	5.495219e-03	0.000000e+00	0.000000e+00
9.059027e+01	1.006945e+00	1.006945e+00	4.828796e-03	0.000000e+00	0.000000e+00
9.260416e+01	1.006945e+00	1.006945e+00	5.615663e-03	0.000000e+00	0.000000e+00
9.461805e+01	1.006945e+00	1.006945e+00	5.234704e-03	0.000000e+00	0.000000e+00
9.663195e+01	1.006945e+00	1.006945e+00	4.998313e-03	0.000000e+00	0.000000e+00
9.864584e+01	1.006945e+00	1.006945e+00	5.222336e-03	0.000000e+00	0.000000e+00
1.006597e+02	1.006960e+00	1.006960e+00	5.844372e-03	0.000000e+00	0.000000e+00
1.026737e+02	1.006950e+00	1.006950e+00	5.192549e-03	0.000000e+00	0.000000e+00
1.046875e+02	1.006900e+00	1.006900e+00	5.828571e-03	0.000000e+00	0.000000e+00
1.067013e+02	1.006950e+00	1.006950e+00	6.058692e-03	0.000000e+00	0.000000e+00
1.087152e+02	1.006950e+00	1.006950e+00	5.670569e-03	0.000000e+00	0.000000e+00
1.107292e+02	1.006950e+00	1.006950e+00	5.653600e-03	0.000000e+00	0.000000e+00
1.127430e+02	1.006950e+00	1.006950e+00	6.329864e-03	0.000000e+00	0.000000e+00
1.147570e+02	1.006950e+00	1.006950e+00	6.180329e-03	0.000000e+00	0.000000e+00
1.167708e+02	1.006950e+00	1.006950e+00	6.170487e-03	0.000000e+00	0.000000e+00
1.187848e+02	1.006950e+00	1.006950e+00	5.712103e-03	0.000000e+00	0.000000e+00
1.207987e+02	1.006950e+00	1.006950e+00	6.178171e-03	0.000000e+00	0.000000e+00
1.228125e+02	1.006900e+00	1.006900e+00	6.656258e-03	0.000000e+00	0.000000e+00
1.248263e+02	1.006950e+00	1.006950e+00	7.191905e-03	0.000000e+00	0.000000e+00
1.268402e+02	1.006950e+00	1.006950e+00	6.194502e-03	0.000000e+00	0.000000e+00
1.288542e+02	1.006950e+00	1.006950e+00	6.730677e-03	0.000000e+00	0.000000e+00
1.308680e+02	1.006950e+00	1.006950e+00	6.744570e-03	0.000000e+00	0.000000e+00
1.328820e+02	1.006950e+00	1.006950e+00	6.482787e-03	0.000000e+00	0.000000e+00
1.348958e+02	1.006950e+00	1.006950e+00	6.999279e-03	0.000000e+00	0.000000e+00
1.369098e+02	1.006950e+00	1.006950e+00	6.710238e-03	0.000000e+00	0.000000e+00
1.389237e+02	1.006950e+00	1.006950e+00	7.931360e-03	0.000000e+00	0.000000e+00
1.409375e+02	1.006900e+00	1.006900e+00	7.511975e-03	0.000000e+00	0.000000e+00
1.429513e+02	1.006950e+00	1.006950e+00	7.768977e-03	0.000000e+00	0.000000e+00
1.449652e+02	1.006950e+00	1.006950e+00	7.494140e-03	0.000000e+00	0.000000e+00
1.469792e+02	1.006950e+00	1.006950e+00	8.402227e-03	0.000000e+00	0.000000e+00
1.489930e+02	1.006950e+00	1.006950e+00	7.706224e-03	0.000000e+00	0.000000e+00
