# xval	 xerr-	 xerr+	 yval	 yerr-	 yerr+
1.406250e+01	1.006940e+00	1.006940e+00	1.528887e-03	0.000000e+00	0.000000e+00
1.607639e+01	1.006945e+00	1.006945e+00	1.360813e-03	0.000000e+00	0.000000e+00
1.809027e+01	1.006945e+00	1.006945e+00	8.672822e-04	0.000000e+00	0.000000e+00
2.010417e+01	1.006945e+00	1.006945e+00	1.060050e-03	0.000000e+00	0.000000e+00
2.211805e+01	1.006945e+00	1.006945e+00	1.323188e-03	0.000000e+00	0.000000e+00
2.413195e+01	1.006945e+00	1.006945e+00	1.517008e-03	0.000000e+00	0.000000e+00
2.614583e+01	1.006945e+00	1.006945e+00	1.752661e-03	0.000000e+00	0.000000e+00
2.815973e+01	1.006945e+00	1.006945e+00	2.042904e-03	0.000000e+00	0.000000e+00
3.017361e+01	1.006945e+00	1.006945e+00	2.352198e-03	0.000000e+00	0.000000e+00
3.218750e+01	1.006940e+00	1.006940e+00	2.518567e-03	0.000000e+00	0.000000e+00
3.420139e+01	1.006945e+00	1.006945e+00	2.937698e-03	0.000000e+00	0.000000e+00
3.621527e+01	1.006945e+00	1.006945e+00	3.197566e-03	0.000000e+00	0.000000e+00
3.822916e+01	1.006945e+00	1.006945e+00	3.736184e-03	0.000000e+00	0.000000e+00
4.024305e+01	1.006945e+00	1.006945e+00	3.924958e-03	0.000000e+00	0.000000e+00
4.225695e+01	1.006945e+00	1.006945e+00	4.340448e-03	0.000000e+00	0.000000e+00
4.427084e+01	1.006945e+00	1.006945e+00	4.657566e-03	0.000000e+00	0.000000e+00
4.628473e+01	1.006945e+00	1.006945e+00	5.314467e-03	0.000000e+00	0.000000e+00
4.829861e+01	1.006945e+00	1.006945e+00	5.027462e-03	0.000000e+00	0.000000e+00
5.031250e+01	1.006940e+00	1.006940e+00	5.811312e-03	0.000000e+00	0.000000e+00
5.232639e+01	1.006945e+00	1.006945e+00	6.598983e-03	0.000000e+00	0.000000e+00
5.434027e+01	1.006945e+00	1.006945e+00	6.468048e-03	0.000000e+00	0.000000e+00
5.635416e+01	1.006945e+00	1.006945e+00	7.155083e-03	0.000000e+00	0.000000e+00
5.836805e+01	1.006945e+00	1.006945e+00	7.573422e-03	0.000000e+00	0.000000e+00
6.038195e+01	1.006945e+00	1.006945e+00	7.470805e-03	0.000000e+00	0.000000e+00
6.239584e+01	1.006945e+00	1.006945e+00	7.846657e-03	0.000000e+00	0.000000e+00
6.440972e+01	1.006945e+00	1.006945e+00	8.003483e-03	0.000000e+00	0.000000e+00
6.642361e+01	1.006945e+00	1.006945e+00	9.400145e-03	0.000000e+00	0.000000e+00
6.843750e+01	1.006940e+00	1.006940e+00	9.222015e-03	0.000000e+00	0.000000e+00
7.045139e+01	1.006945e+00	1.006945e+00	1.035737e-02	0.000000e+00	0.000000e+00
7.246527e+01	1.006945e+00	1.006945e+00	1.119079e-02	0.000000e+00	0.000000e+00
7.447916e+01	1.006945e+00	1.006945e+00	1.024787e-02	0.000000e+00	0.000000e+00
7.649305e+01	1.006945e+00	1.006945e+00	1.109932e-02	0.000000e+00	0.000000e+00
7.850695e+01	1.006945e+00	1.006945e+00	1.186899e-02	0.000000e+00	0.000000e+00
8.052084e+01	1.006945e+00	1.006945e+00	1.195030e-02	0.000000e+00	0.000000e+00
8.253473e+01	1.006945e+00	1.006945e+00	1.266999e-02	0.000000e+00	0.000000e+00
8.454861e+01	1.006945e+00	1.006945e+00	1.188667e-02	0.000000e+00	0.000000e+00
8.656250e+01	1.006940e+00	1.006940e+00	1.317803e-02	0.000000e+00	0.000000e+00
8.857639e+01	1.006945e+00	1.006945e+00	1.365525e-02	0.000000e+00	0.000000e+00
9.059027e+01	1.006945e+00	1.006945e+00	1.422562e-02	0.000000e+00	0.000000e+00
9.260416e+01	1.006945e+00	1.006945e+00	1.602873e-02	0.000000e+00	0.000000e+00
9.461805e+01	1.006945e+00	1.006945e+00	1.443467e-02	0.000000e+00	0.000000e+00
9.663195e+01	1.006945e+00	1.006945e+00	1.767386e-02	0.000000e+00	0.000000e+00
9.864584e+01	1.006945e+00	1.006945e+00	1.658515e-02	0.000000e+00	0.000000e+00
1.006597e+02	1.006960e+00	1.006960e+00	1.585303e-02	0.000000e+00	0.000000e+00
1.026737e+02	1.006950e+00	1.006950e+00	1.633497e-02	0.000000e+00	0.000000e+00
1.046875e+02	1.006900e+00	1.006900e+00	1.565394e-02	0.000000e+00	0.000000e+00
1.067013e+02	1.006950e+00	1.006950e+00	1.940852e-02	0.000000e+00	0.000000e+00
1.087152e+02	1.006950e+00	1.006950e+00	1.726397e-02	0.000000e+00	0.000000e+00
1.107292e+02	1.006950e+00	1.006950e+00	1.976468e-02	0.000000e+00	0.000000e+00
1.127430e+02	1.006950e+00	1.006950e+00	1.672484e-02	0.000000e+00	0.000000e+00
1.147570e+02	1.006950e+00	1.006950e+00	2.094277e-02	0.000000e+00	0.000000e+00
1.167708e+02	1.006950e+00	1.006950e+00	2.132444e-02	0.000000e+00	0.000000e+00
1.187848e+02	1.006950e+00	1.006950e+00	1.831434e-02	0.000000e+00	0.000000e+00
1.207987e+02	1.006950e+00	1.006950e+00	2.291458e-02	0.000000e+00	0.000000e+00
1.228125e+02	1.006900e+00	1.006900e+00	2.370941e-02	0.000000e+00	0.000000e+00
1.248263e+02	1.006950e+00	1.006950e+00	1.919807e-02	0.000000e+00	0.000000e+00
1.268402e+02	1.006950e+00	1.006950e+00	2.129208e-02	0.000000e+00	0.000000e+00
1.288542e+02	1.006950e+00	1.006950e+00	2.538709e-02	0.000000e+00	0.000000e+00
1.308680e+02	1.006950e+00	1.006950e+00	2.461658e-02	0.000000e+00	0.000000e+00
1.328820e+02	1.006950e+00	1.006950e+00	2.222599e-02	0.000000e+00	0.000000e+00
1.348958e+02	1.006950e+00	1.006950e+00	2.427408e-02	0.000000e+00	0.000000e+00
1.369098e+02	1.006950e+00	1.006950e+00	2.442609e-02	0.000000e+00	0.000000e+00
1.389237e+02	1.006950e+00	1.006950e+00	2.572203e-02	0.000000e+00	0.000000e+00
1.409375e+02	1.006900e+00	1.006900e+00	2.493535e-02	0.000000e+00	0.000000e+00
1.429513e+02	1.006950e+00	1.006950e+00	3.172929e-02	0.000000e+00	0.000000e+00
1.449652e+02	1.006950e+00	1.006950e+00	2.673373e-02	0.000000e+00	0.000000e+00
1.469792e+02	1.006950e+00	1.006950e+00	2.659644e-02	0.000000e+00	0.000000e+00
1.489930e+02	1.006950e+00	1.006950e+00	2.915192e-02	0.000000e+00	0.000000e+00
