# xval	 xerr-	 xerr+	 yval	 yerr-	 yerr+
1.406250e+01	1.006940e+00	1.006940e+00	4.390555e-05	0.000000e+00	0.000000e+00
1.607639e+01	1.006945e+00	1.006945e+00	1.095542e-06	0.000000e+00	0.000000e+00
1.809027e+01	1.006945e+00	1.006945e+00	-1.641230e-04	0.000000e+00	0.000000e+00
2.010417e+01	1.006945e+00	1.006945e+00	-1.609237e-04	0.000000e+00	0.000000e+00
2.211805e+01	1.006945e+00	1.006945e+00	-1.421144e-04	0.000000e+00	0.000000e+00
2.413195e+01	1.006945e+00	1.006945e+00	-1.028382e-04	0.000000e+00	0.000000e+00
2.614583e+01	1.006945e+00	1.006945e+00	-4.102897e-05	0.000000e+00	0.000000e+00
2.815973e+01	1.006945e+00	1.006945e+00	3.357690e-05	0.000000e+00	0.000000e+00
3.017361e+01	1.006945e+00	1.006945e+00	1.499974e-04	0.000000e+00	0.000000e+00
3.218750e+01	1.006940e+00	1.006940e+00	2.681270e-04	0.000000e+00	0.000000e+00
3.420139e+01	1.006945e+00	1.006945e+00	4.318706e-04	0.000000e+00	0.000000e+00
3.621527e+01	1.006945e+00	1.006945e+00	5.961377e-04	0.000000e+00	0.000000e+00
3.822916e+01	1.006945e+00	1.006945e+00	7.534967e-04	0.000000e+00	0.000000e+00
4.024305e+01	1.006945e+00	1.006945e+00	1.021324e-03	0.000000e+00	0.000000e+00
4.225695e+01	1.006945e+00	1.006945e+00	1.221418e-03	0.000000e+00	0.000000e+00
4.427084e+01	1.006945e+00	1.006945e+00	1.484483e-03	0.000000e+00	0.000000e+00
4.628473e+01	1.006945e+00	1.006945e+00	1.710387e-03	0.000000e+00	0.000000e+00
4.829861e+01	1.006945e+00	1.006945e+00	2.007143e-03	0.000000e+00	0.000000e+00
5.031250e+01	1.006940e+00	1.006940e+00	2.367977e-03	0.000000e+00	0.000000e+00
5.232639e+01	1.006945e+00	1.006945e+00	2.698529e-03	0.000000e+00	0.000000e+00
5.434027e+01	1.006945e+00	1.006945e+00	3.012390e-03	0.000000e+00	0.000000e+00
5.635416e+01	1.006945e+00	1.006945e+00	3.529366e-03	0.000000e+00	0.000000e+00
5.836805e+01	1.006945e+00	1.006945e+00	3.502018e-03	0.000000e+00	0.000000e+00
6.038195e+01	1.006945e+00	1.006945e+00	3.638557e-03	0.000000e+00	0.000000e+00
6.239584e+01	1.006945e+00	1.006945e+00	4.151440e-03	0.000000e+00	0.000000e+00
6.440972e+01	1.006945e+00	1.006945e+00	4.884876e-03	0.000000e+00	0.000000e+00
6.642361e+01	1.006945e+00	1.006945e+00	5.542592e-03	0.000000e+00	0.000000e+00
6.843750e+01	1.006940e+00	1.006940e+00	5.702991e-03	0.000000e+00	0.000000e+00
7.045139e+01	1.006945e+00	1.006945e+00	5.639334e-03	0.000000e+00	0.000000e+00
7.246527e+01	1.006945e+00	1.006945e+00	6.700490e-03	0.000000e+00	0.000000e+00
7.447916e+01	1.006945e+00	1.006945e+00	6.461272e-03	0.000000e+00	0.000000e+00
7.649305e+01	1.006945e+00	1.006945e+00	7.155000e-03	0.000000e+00	0.000000e+00
7.850695e+01	1.006945e+00	1.006945e+00	7.991449e-03	0.000000e+00	0.000000e+00
8.052084e+01	1.006945e+00	1.006945e+00	8.864454e-03	0.000000e+00	0.000000e+00
8.253473e+01	1.006945e+00	1.006945e+00	9.004940e-03	0.000000e+00	0.000000e+00
8.454861e+01	1.006945e+00	1.006945e+00	8.261212e-03	0.000000e+00	0.000000e+00
8.656250e+01	1.006940e+00	1.006940e+00	9.519066e-03	0.000000e+00	0.000000e+00
8.857639e+01	1.006945e+00	1.006945e+00	9.977992e-03	0.000000e+00	0.000000e+00
9.059027e+01	1.006945e+00	1.006945e+00	1.028168e-02	0.000000e+00	0.000000e+00
9.260416e+01	1.006945e+00	1.006945e+00	9.900245e-03	0.000000e+00	0.000000e+00
9.461805e+01	1.006945e+00	1.006945e+00	1.088846e-02	0.000000e+00	0.000000e+00
9.663195e+01	1.006945e+00	1.006945e+00	1.204156e-02	0.000000e+00	0.000000e+00
9.864584e+01	1.006945e+00	1.006945e+00	1.211541e-02	0.000000e+00	0.000000e+00
1.006597e+02	1.006960e+00	1.006960e+00	1.252214e-02	0.000000e+00	0.000000e+00
1.026737e+02	1.006950e+00	1.006950e+00	1.338815e-02	0.000000e+00	0.000000e+00
1.046875e+02	1.006900e+00	1.006900e+00	1.264896e-02	0.000000e+00	0.000000e+00
1.067013e+02	1.006950e+00	1.006950e+00	1.398625e-02	0.000000e+00	0.000000e+00
1.087152e+02	1.006950e+00	1.006950e+00	1.622925e-02	0.000000e+00	0.000000e+00
1.107292e+02	1.006950e+00	1.006950e+00	1.466522e-02	0.000000e+00	0.000000e+00
1.127430e+02	1.006950e+00	1.006950e+00	1.469747e-02	0.000000e+00	0.000000e+00
1.147570e+02	1.006950e+00	1.006950e+00	1.635041e-02	0.000000e+00	0.000000e+00
1.167708e+02	1.006950e+00	1.006950e+00	1.694029e-02	0.000000e+00	0.000000e+00
1.187848e+02	1.006950e+00	1.006950e+00	1.680392e-02	0.000000e+00	0.000000e+00
1.207987e+02	1.006950e+00	1.006950e+00	1.721748e-02	0.000000e+00	0.000000e+00
1.228125e+02	1.006900e+00	1.006900e+00	2.062292e-02	0.000000e+00	0.000000e+00
1.248263e+02	1.006950e+00	1.006950e+00	1.587923e-02	0.000000e+00	0.000000e+00
1.268402e+02	1.006950e+00	1.006950e+00	1.713143e-02	0.000000e+00	0.000000e+00
1.288542e+02	1.006950e+00	1.006950e+00	2.088218e-02	0.000000e+00	0.000000e+00
1.308680e+02	1.006950e+00	1.006950e+00	1.747353e-02	0.000000e+00	0.000000e+00
1.328820e+02	1.006950e+00	1.006950e+00	2.459012e-02	0.000000e+00	0.000000e+00
1.348958e+02	1.006950e+00	1.006950e+00	1.826176e-02	0.000000e+00	0.000000e+00
1.369098e+02	1.006950e+00	1.006950e+00	2.451655e-02	0.000000e+00	0.000000e+00
1.389237e+02	1.006950e+00	1.006950e+00	2.020794e-02	0.000000e+00	0.000000e+00
1.409375e+02	1.006900e+00	1.006900e+00	2.567648e-02	0.000000e+00	0.000000e+00
1.429513e+02	1.006950e+00	1.006950e+00	2.615608e-02	0.000000e+00	0.000000e+00
1.449652e+02	1.006950e+00	1.006950e+00	1.946621e-02	0.000000e+00	0.000000e+00
1.469792e+02	1.006950e+00	1.006950e+00	2.101253e-02	0.000000e+00	0.000000e+00
1.489930e+02	1.006950e+00	1.006950e+00	2.581820e-02	0.000000e+00	0.000000e+00
