# xval	 xerr-	 xerr+	 yval	 yerr-	 yerr+
1.406250e+01	1.006940e+00	1.006940e+00	1.193866e-03	0.000000e+00	0.000000e+00
1.607639e+01	1.006945e+00	1.006945e+00	1.109246e-03	0.000000e+00	0.000000e+00
1.809027e+01	1.006945e+00	1.006945e+00	9.479343e-04	0.000000e+00	0.000000e+00
2.010417e+01	1.006945e+00	1.006945e+00	7.522145e-04	0.000000e+00	0.000000e+00
2.211805e+01	1.006945e+00	1.006945e+00	6.608668e-04	0.000000e+00	0.000000e+00
2.413195e+01	1.006945e+00	1.006945e+00	7.119104e-04	0.000000e+00	0.000000e+00
2.614583e+01	1.006945e+00	1.006945e+00	7.578658e-04	0.000000e+00	0.000000e+00
2.815973e+01	1.006945e+00	1.006945e+00	8.361963e-04	0.000000e+00	0.000000e+00
3.017361e+01	1.006945e+00	1.006945e+00	8.739912e-04	0.000000e+00	0.000000e+00
3.218750e+01	1.006940e+00	1.006940e+00	9.661638e-04	0.000000e+00	0.000000e+00
3.420139e+01	1.006945e+00	1.006945e+00	1.070241e-03	0.000000e+00	0.000000e+00
3.621527e+01	1.006945e+00	1.006945e+00	1.138092e-03	0.000000e+00	0.000000e+00
3.822916e+01	1.006945e+00	1.006945e+00	1.207699e-03	0.000000e+00	0.000000e+00
4.024305e+01	1.006945e+00	1.006945e+00	1.401027e-03	0.000000e+00	0.000000e+00
4.225695e+01	1.006945e+00	1.006945e+00	1.488627e-03	0.000000e+00	0.000000e+00
4.427084e+01	1.006945e+00	1.006945e+00	1.596571e-03	0.000000e+00	0.000000e+00
4.628473e+01	1.006945e+00	1.006945e+00	1.839889e-03	0.000000e+00	0.000000e+00
4.829861e+01	1.006945e+00	1.006945e+00	1.995290e-03	0.000000e+00	0.000000e+00
5.031250e+01	1.006940e+00	1.006940e+00	1.976370e-03	0.000000e+00	0.000000e+00
5.232639e+01	1.006945e+00	1.006945e+00	2.287660e-03	0.000000e+00	0.000000e+00
5.434027e+01	1.006945e+00	1.006945e+00	2.504284e-03	0.000000e+00	0.000000e+00
5.635416e+01	1.006945e+00	1.006945e+00	2.789286e-03	0.000000e+00	0.000000e+00
5.836805e+01	1.006945e+00	1.006945e+00	2.899775e-03	0.000000e+00	0.000000e+00
6.038195e+01	1.006945e+00	1.006945e+00	3.273175e-03	0.000000e+00	0.000000e+00
6.239584e+01	1.006945e+00	1.006945e+00	3.835389e-03	0.000000e+00	0.000000e+00
6.440972e+01	1.006945e+00	1.006945e+00	3.953258e-03	0.000000e+00	0.000000e+00
6.642361e+01	1.006945e+00	1.006945e+00	3.867444e-03	0.000000e+00	0.000000e+00
6.843750e+01	1.006940e+00	1.006940e+00	4.139213e-03	0.000000e+00	0.000000e+00
7.045139e+01	1.006945e+00	1.006945e+00	4.488402e-03	0.000000e+00	0.000000e+00
7.246527e+01	1.006945e+00	1.006945e+00	5.197685e-03	0.000000e+00	0.000000e+00
7.447916e+01	1.006945e+00	1.006945e+00	5.322016e-03	0.000000e+00	0.000000e+00
7.649305e+01	1.006945e+00	1.006945e+00	5.103045e-03	0.000000e+00	0.000000e+00
7.850695e+01	1.006945e+00	1.006945e+00	5.789524e-03	0.000000e+00	0.000000e+00
8.052084e+01	1.006945e+00	1.006945e+00	6.101849e-03	0.000000e+00	0.000000e+00
8.253473e+01	1.006945e+00	1.006945e+00	6.450852e-03	0.000000e+00	0.000000e+00
8.454861e+01	1.006945e+00	1.006945e+00	6.511964e-03	0.000000e+00	0.000000e+00
8.656250e+01	1.006940e+00	1.006940e+00	7.083470e-03	0.000000e+00	0.000000e+00
8.857639e+01	1.006945e+00	1.006945e+00	7.257434e-03	0.000000e+00	0.000000e+00
9.059027e+01	1.006945e+00	1.006945e+00	6.965219e-03	0.000000e+00	0.000000e+00
9.260416e+01	1.006945e+00	1.006945e+00	7.534303e-03	0.000000e+00	0.000000e+00
9.461805e+01	1.006945e+00	1.006945e+00	7.430454e-03	0.000000e+00	0.000000e+00
9.663195e+01	1.006945e+00	1.006945e+00	7.630063e-03	0.000000e+00	0.000000e+00
9.864584e+01	1.006945e+00	1.006945e+00	7.944830e-03	0.000000e+00	0.000000e+00
1.006597e+02	1.006960e+00	1.006960e+00	8.573525e-03	0.000000e+00	0.000000e+00
1.026737e+02	1.006950e+00	1.006950e+00	8.097983e-03	0.000000e+00	0.000000e+00
1.046875e+02	1.006900e+00	1.006900e+00	8.552025e-03	0.000000e+00	0.000000e+00
1.067013e+02	1.006950e+00	1.006950e+00	8.674765e-03	0.000000e+00	0.000000e+00
1.087152e+02	1.006950e+00	1.006950e+00	8.869041e-03	0.000000e+00	0.000000e+00
1.107292e+02	1.006950e+00	1.006950e+00	8.239432e-03	0.000000e+00	0.000000e+00
1.127430e+02	1.006950e+00	1.006950e+00	8.707010e-03	0.000000e+00	0.000000e+00
1.147570e+02	1.006950e+00	1.006950e+00	9.089549e-03	0.000000e+00	0.000000e+00
1.167708e+02	1.006950e+00	1.006950e+00	9.953194e-03	0.000000e+00	0.000000e+00
1.187848e+02	1.006950e+00	1.006950e+00	7.520400e-03	0.000000e+00	0.000000e+00
1.207987e+02	1.006950e+00	1.006950e+00	8.991611e-03	0.000000e+00	0.000000e+00
1.228125e+02	1.006900e+00	1.006900e+00	9.216068e-03	0.000000e+00	0.000000e+00
1.248263e+02	1.006950e+00	1.006950e+00	8.558901e-03	0.000000e+00	0.000000e+00
1.268402e+02	1.006950e+00	1.006950e+00	1.004622e-02	0.000000e+00	0.000000e+00
1.288542e+02	1.006950e+00	1.006950e+00	8.801350e-03	0.000000e+00	0.000000e+00
1.308680e+02	1.006950e+00	1.006950e+00	9.397038e-03	0.000000e+00	0.000000e+00
1.328820e+02	1.006950e+00	1.006950e+00	8.448174e-03	0.000000e+00	0.000000e+00
1.348958e+02	1.006950e+00	1.006950e+00	9.742502e-03	0.000000e+00	0.000000e+00
1.369098e+02	1.006950e+00	1.006950e+00	8.910799e-03	0.000000e+00	0.000000e+00
1.389237e+02	1.006950e+00	1.006950e+00	1.005181e-02	0.000000e+00	0.000000e+00
1.409375e+02	1.006900e+00	1.006900e+00	9.341783e-03	0.000000e+00	0.000000e+00
1.429513e+02	1.006950e+00	1.006950e+00	9.233345e-03	0.000000e+00	0.000000e+00
1.449652e+02	1.006950e+00	1.006950e+00	8.844132e-03	0.000000e+00	0.000000e+00
1.469792e+02	1.006950e+00	1.006950e+00	1.035126e-02	0.000000e+00	0.000000e+00
1.489930e+02	1.006950e+00	1.006950e+00	9.700812e-03	0.000000e+00	0.000000e+00
