1.000 0.065 0.057 0.044 0.036 0.026 0.024 0.024 0.016 0.013 0.011 0.006 0.007 0.005 0.020 0.011 0.009 0.007 0.007 0.009 0.010 0.009 0.011 0.017 0.028 0.020 0.013 0.012 0.011 0.015 0.015 0.016 0.013 0.013 0.010 0.016 0.014 0.008 0.008 0.008 0.007 0.011 0.011 0.009 0.023 0.011 0.018 0.011 0.006 0.007 0.007 0.008 0.009 0.012 0.005 0.006 
0.065 1.000 0.056 0.045 0.039 0.030 0.031 0.037 0.023 0.023 0.020 0.010 0.016 0.011 0.027 0.025 0.023 0.018 0.018 0.023 0.027 0.023 0.029 0.044 0.033 0.043 0.035 0.032 0.028 0.038 0.038 0.041 0.035 0.034 0.027 0.021 0.034 0.020 0.022 0.022 0.018 0.029 0.027 0.023 0.059 0.011 0.029 0.026 0.017 0.017 0.019 0.022 0.022 0.032 0.012 0.015 
0.057 0.056 1.000 0.046 0.039 0.030 0.027 0.024 0.016 0.013 0.009 0.005 0.006 0.004 0.066 0.054 0.029 0.013 0.006 0.006 0.007 0.006 0.008 0.012 0.086 0.085 0.051 0.024 0.011 0.011 0.010 0.011 0.009 0.009 0.007 0.051 0.045 0.024 0.012 0.007 0.005 0.008 0.007 0.006 0.016 0.030 0.060 0.047 0.023 0.010 0.006 0.006 0.006 0.009 0.003 0.004 
0.044 0.045 0.046 1.000 0.035 0.028 0.025 0.022 0.014 0.011 0.008 0.005 0.005 0.003 0.033 0.062 0.056 0.025 0.009 0.006 0.006 0.006 0.007 0.010 0.032 0.090 0.087 0.046 0.018 0.012 0.009 0.010 0.008 0.008 0.006 0.026 0.052 0.044 0.022 0.009 0.005 0.007 0.007 0.006 0.014 0.004 0.042 0.061 0.043 0.019 0.009 0.006 0.005 0.008 0.003 0.004 
0.036 0.039 0.039 0.035 1.000 0.029 0.026 0.023 0.015 0.012 0.009 0.005 0.005 0.003 0.006 0.053 0.064 0.053 0.020 0.010 0.007 0.006 0.007 0.011 0.005 0.063 0.094 0.089 0.037 0.019 0.011 0.011 0.009 0.009 0.007 0.004 0.046 0.052 0.045 0.018 0.008 0.008 0.007 0.006 0.015 0.001 0.016 0.056 0.061 0.038 0.018 0.008 0.006 0.008 0.003 0.004 
0.026 0.030 0.030 0.028 0.029 1.000 0.025 0.023 0.016 0.012 0.009 0.005 0.005 0.003 0.002 0.023 0.058 0.064 0.042 0.018 0.008 0.005 0.007 0.010 0.002 0.022 0.082 0.094 0.078 0.035 0.014 0.010 0.008 0.008 0.006 0.001 0.021 0.047 0.055 0.038 0.015 0.008 0.006 0.005 0.013 0.001 0.004 0.034 0.057 0.057 0.037 0.014 0.006 0.007 0.003 0.003 
0.024 0.031 0.027 0.025 0.026 0.025 1.000 0.028 0.022 0.019 0.014 0.008 0.008 0.005 0.002 0.005 0.047 0.072 0.078 0.059 0.024 0.009 0.008 0.012 0.003 0.006 0.055 0.101 0.109 0.103 0.043 0.019 0.010 0.010 0.008 0.002 0.008 0.036 0.057 0.062 0.046 0.021 0.010 0.007 0.017 0.001 0.003 0.015 0.054 0.065 0.076 0.045 0.018 0.011 0.004 0.004 
0.024 0.037 0.024 0.022 0.023 0.023 0.028 1.000 0.029 0.027 0.022 0.014 0.012 0.008 0.003 0.005 0.026 0.059 0.073 0.096 0.059 0.023 0.014 0.019 0.004 0.008 0.027 0.080 0.103 0.138 0.105 0.047 0.020 0.015 0.012 0.002 0.010 0.020 0.048 0.060 0.077 0.051 0.023 0.012 0.025 0.001 0.005 0.008 0.034 0.056 0.078 0.085 0.047 0.023 0.006 0.007 
0.016 0.023 0.016 0.014 0.015 0.016 0.022 0.029 1.000 0.030 0.026 0.018 0.014 0.008 0.002 0.003 0.008 0.034 0.052 0.081 0.103 0.052 0.018 0.012 0.002 0.005 0.008 0.043 0.071 0.114 0.147 0.101 0.033 0.012 0.007 0.001 0.006 0.006 0.028 0.044 0.065 0.086 0.045 0.015 0.016 0.001 0.003 0.004 0.013 0.035 0.059 0.080 0.089 0.042 0.011 0.005 
0.013 0.023 0.013 0.011 0.012 0.012 0.019 0.027 0.030 1.000 0.035 0.028 0.022 0.013 0.002 0.003 0.005 0.016 0.031 0.056 0.086 0.116 0.048 0.021 0.003 0.006 0.007 0.020 0.041 0.078 0.119 0.171 0.094 0.031 0.010 0.002 0.007 0.005 0.015 0.027 0.046 0.073 0.096 0.041 0.025 0.001 0.003 0.004 0.005 0.018 0.036 0.060 0.091 0.096 0.036 0.010 
0.011 0.020 0.009 0.008 0.009 0.009 0.014 0.022 0.026 0.035 1.000 0.037 0.031 0.020 0.002 0.003 0.005 0.007 0.015 0.031 0.057 0.093 0.124 0.047 0.003 0.005 0.007 0.010 0.020 0.043 0.077 0.131 0.185 0.089 0.023 0.002 0.006 0.004 0.007 0.015 0.025 0.049 0.080 0.102 0.047 0.001 0.003 0.004 0.004 0.008 0.019 0.035 0.064 0.101 0.098 0.030 
0.006 0.010 0.005 0.005 0.005 0.005 0.008 0.014 0.018 0.028 0.037 1.000 0.041 0.030 0.001 0.002 0.003 0.003 0.005 0.012 0.026 0.057 0.096 0.131 0.001 0.003 0.003 0.004 0.006 0.017 0.035 0.076 0.134 0.200 0.072 0.001 0.003 0.002 0.003 0.005 0.010 0.024 0.051 0.083 0.112 0.000 0.002 0.002 0.002 0.003 0.006 0.015 0.032 0.064 0.109 0.094 
0.007 0.016 0.006 0.005 0.005 0.005 0.008 0.012 0.014 0.022 0.031 0.041 1.000 0.044 0.002 0.003 0.005 0.004 0.005 0.008 0.014 0.029 0.063 0.116 0.002 0.005 0.006 0.008 0.007 0.012 0.019 0.040 0.081 0.156 0.208 0.001 0.006 0.004 0.005 0.006 0.006 0.014 0.027 0.055 0.108 0.001 0.003 0.004 0.003 0.004 0.005 0.009 0.016 0.036 0.068 0.127 
0.005 0.011 0.004 0.003 0.003 0.003 0.005 0.008 0.008 0.013 0.020 0.030 0.044 1.000 0.001 0.002 0.003 0.003 0.003 0.004 0.006 0.011 0.026 0.064 0.002 0.003 0.004 0.005 0.005 0.006 0.008 0.016 0.035 0.086 0.179 0.001 0.004 0.003 0.004 0.004 0.003 0.006 0.012 0.024 0.064 0.001 0.002 0.002 0.002 0.003 0.003 0.004 0.006 0.016 0.033 0.076 
0.020 0.027 0.066 0.033 0.006 0.002 0.002 0.003 0.002 0.002 0.002 0.001 0.002 0.001 1.000 0.003 0.004 0.004 0.004 0.004 0.004 0.003 0.004 0.006 0.001 0.002 0.003 0.004 0.004 0.005 0.005 0.005 0.004 0.004 0.004 0.001 0.003 0.002 0.003 0.003 0.002 0.004 0.004 0.003 0.008 0.000 0.001 0.002 0.002 0.002 0.002 0.003 0.003 0.004 0.002 0.002 
0.011 0.025 0.054 0.062 0.053 0.023 0.005 0.005 0.003 0.003 0.003 0.002 0.003 0.002 0.003 1.000 0.015 0.013 0.011 0.011 0.010 0.007 0.007 0.009 0.002 0.003 0.004 0.005 0.005 0.007 0.007 0.007 0.006 0.006 0.005 0.001 0.004 0.003 0.004 0.004 0.003 0.005 0.005 0.004 0.011 0.001 0.002 0.003 0.002 0.003 0.003 0.004 0.004 0.006 0.002 0.003 
0.009 0.023 0.029 0.056 0.064 0.058 0.047 0.026 0.008 0.005 0.005 0.003 0.005 0.003 0.004 0.015 1.000 0.016 0.014 0.014 0.013 0.010 0.011 0.014 0.003 0.006 0.007 0.009 0.008 0.011 0.011 0.012 0.010 0.010 0.008 0.002 0.007 0.005 0.006 0.007 0.005 0.009 0.008 0.007 0.018 0.001 0.003 0.004 0.004 0.005 0.006 0.006 0.007 0.010 0.004 0.004 
0.007 0.018 0.013 0.025 0.053 0.064 0.072 0.059 0.034 0.016 0.007 0.003 0.004 0.003 0.004 0.013 0.016 1.000 0.012 0.013 0.012 0.009 0.010 0.013 0.003 0.005 0.007 0.009 0.008 0.011 0.011 0.012 0.010 0.010 0.008 0.002 0.007 0.005 0.006 0.006 0.005 0.008 0.008 0.007 0.017 0.001 0.003 0.004 0.004 0.005 0.005 0.006 0.006 0.009 0.003 0.004 
0.007 0.018 0.006 0.009 0.020 0.042 0.078 0.073 0.052 0.031 0.015 0.005 0.005 0.003 0.004 0.011 0.014 0.012 1.000 0.011 0.011 0.009 0.010 0.013 0.003 0.005 0.007 0.009 0.008 0.011 0.011 0.012 0.010 0.010 0.008 0.002 0.007 0.005 0.006 0.006 0.005 0.008 0.008 0.007 0.017 0.001 0.003 0.004 0.004 0.005 0.005 0.006 0.007 0.010 0.003 0.004 
0.009 0.023 0.006 0.006 0.010 0.018 0.059 0.096 0.081 0.056 0.031 0.012 0.008 0.004 0.004 0.011 0.014 0.013 0.011 1.000 0.013 0.010 0.012 0.017 0.004 0.007 0.009 0.011 0.010 0.015 0.014 0.016 0.013 0.013 0.010 0.002 0.009 0.006 0.008 0.008 0.007 0.011 0.010 0.009 0.023 0.001 0.004 0.005 0.005 0.006 0.007 0.008 0.008 0.012 0.004 0.006 
0.010 0.027 0.007 0.006 0.007 0.008 0.024 0.059 0.103 0.086 0.057 0.026 0.014 0.006 0.004 0.010 0.013 0.012 0.011 0.013 1.000 0.012 0.014 0.020 0.004 0.008 0.011 0.013 0.012 0.017 0.017 0.018 0.015 0.015 0.012 0.002 0.010 0.007 0.009 0.010 0.008 0.013 0.012 0.010 0.026 0.001 0.005 0.006 0.006 0.007 0.008 0.010 0.010 0.014 0.005 0.007 
0.009 0.023 0.006 0.006 0.006 0.005 0.009 0.023 0.052 0.116 0.093 0.057 0.029 0.011 0.003 0.007 0.010 0.009 0.009 0.010 0.012 1.000 0.012 0.017 0.004 0.007 0.009 0.011 0.010 0.015 0.014 0.016 0.013 0.013 0.010 0.002 0.009 0.006 0.008 0.008 0.007 0.011 0.011 0.009 0.023 0.001 0.004 0.005 0.005 0.006 0.007 0.008 0.009 0.012 0.005 0.006 
0.011 0.029 0.008 0.007 0.007 0.007 0.008 0.014 0.018 0.048 0.124 0.096 0.063 0.026 0.004 0.007 0.011 0.010 0.010 0.012 0.014 0.012 1.000 0.021 0.004 0.009 0.012 0.014 0.013 0.019 0.018 0.020 0.017 0.016 0.013 0.003 0.011 0.008 0.010 0.011 0.009 0.014 0.013 0.011 0.029 0.002 0.006 0.007 0.006 0.008 0.009 0.010 0.011 0.016 0.006 0.007 
0.017 0.044 0.012 0.010 0.011 0.010 0.012 0.019 0.012 0.021 0.047 0.131 0.116 0.064 0.006 0.009 0.014 0.013 0.013 0.017 0.020 0.017 0.021 1.000 0.007 0.014 0.018 0.022 0.020 0.028 0.027 0.030 0.025 0.025 0.020 0.004 0.017 0.012 0.015 0.016 0.013 0.021 0.020 0.017 0.043 0.002 0.008 0.010 0.010 0.012 0.013 0.016 0.016 0.024 0.009 0.011 
0.028 0.033 0.086 0.032 0.005 0.002 0.003 0.004 0.002 0.003 0.003 0.001 0.002 0.002 0.001 0.002 0.003 0.003 0.003 0.004 0.004 0.004 0.004 0.007 1.000 0.013 0.010 0.011 0.008 0.010 0.008 0.008 0.006 0.006 0.005 0.001 0.004 0.002 0.003 0.003 0.003 0.004 0.004 0.004 0.009 0.001 0.002 0.002 0.002 0.003 0.003 0.003 0.003 0.005 0.002 0.002 
0.020 0.043 0.085 0.090 0.063 0.022 0.006 0.008 0.005 0.006 0.005 0.003 0.005 0.003 0.002 0.003 0.006 0.005 0.005 0.007 0.008 0.007 0.009 0.014 0.013 1.000 0.024 0.027 0.019 0.023 0.018 0.018 0.014 0.012 0.009 0.002 0.007 0.005 0.007 0.007 0.006 0.009 0.009 0.007 0.018 0.001 0.004 0.004 0.004 0.005 0.006 0.007 0.007 0.010 0.004 0.005 
0.013 0.035 0.051 0.087 0.094 0.082 0.055 0.027 0.008 0.007 0.007 0.003 0.006 0.004 0.003 0.004 0.007 0.007 0.007 0.009 0.011 0.009 0.012 0.018 0.010 0.024 1.000 0.023 0.018 0.023 0.019 0.020 0.016 0.015 0.012 0.002 0.009 0.006 0.009 0.009 0.007 0.012 0.011 0.009 0.024 0.001 0.005 0.006 0.005 0.007 0.007 0.009 0.009 0.013 0.005 0.006 
0.012 0.032 0.024 0.046 0.089 0.094 0.101 0.080 0.043 0.020 0.010 0.004 0.008 0.005 0.004 0.005 0.009 0.009 0.009 0.011 0.013 0.011 0.014 0.022 0.011 0.027 0.023 1.000 0.021 0.026 0.023 0.024 0.019 0.018 0.014 0.003 0.012 0.008 0.011 0.011 0.009 0.014 0.014 0.012 0.029 0.002 0.006 0.007 0.007 0.008 0.009 0.011 0.011 0.016 0.006 0.007 
0.011 0.028 0.011 0.018 0.037 0.078 0.109 0.103 0.071 0.041 0.020 0.006 0.007 0.005 0.004 0.005 0.008 0.008 0.008 0.010 0.012 0.010 0.013 0.020 0.008 0.019 0.018 0.021 1.000 0.022 0.020 0.021 0.017 0.016 0.013 0.002 0.011 0.007 0.010 0.010 0.008 0.013 0.012 0.011 0.027 0.002 0.005 0.006 0.006 0.008 0.008 0.010 0.010 0.015 0.005 0.007 
0.015 0.038 0.011 0.012 0.019 0.035 0.103 0.138 0.114 0.078 0.043 0.017 0.012 0.006 0.005 0.007 0.011 0.011 0.011 0.015 0.017 0.015 0.019 0.028 0.010 0.023 0.023 0.026 0.022 1.000 0.027 0.029 0.023 0.022 0.018 0.003 0.015 0.010 0.014 0.014 0.011 0.018 0.017 0.015 0.038 0.002 0.007 0.009 0.008 0.011 0.012 0.014 0.014 0.021 0.007 0.010 
0.015 0.038 0.010 0.009 0.011 0.014 0.043 0.105 0.147 0.119 0.077 0.035 0.019 0.008 0.005 0.007 0.011 0.011 0.011 0.014 0.017 0.014 0.018 0.027 0.008 0.018 0.019 0.023 0.020 0.027 1.000 0.027 0.022 0.022 0.017 0.003 0.015 0.010 0.013 0.014 0.011 0.018 0.017 0.015 0.037 0.002 0.007 0.009 0.008 0.010 0.012 0.014 0.014 0.020 0.007 0.009 
0.016 0.041 0.011 0.010 0.011 0.010 0.019 0.047 0.101 0.171 0.131 0.076 0.040 0.016 0.005 0.007 0.012 0.012 0.012 0.016 0.018 0.016 0.020 0.030 0.008 0.018 0.020 0.024 0.021 0.029 0.027 1.000 0.024 0.024 0.019 0.004 0.016 0.011 0.015 0.015 0.012 0.020 0.019 0.016 0.041 0.002 0.008 0.010 0.009 0.011 0.013 0.015 0.015 0.022 0.008 0.010 
0.013 0.035 0.009 0.008 0.009 0.008 0.010 0.020 0.033 0.094 0.185 0.134 0.081 0.035 0.004 0.006 0.010 0.010 0.010 0.013 0.015 0.013 0.017 0.025 0.006 0.014 0.016 0.019 0.017 0.023 0.022 0.024 1.000 0.020 0.016 0.003 0.013 0.009 0.012 0.013 0.010 0.017 0.016 0.014 0.034 0.002 0.007 0.008 0.008 0.010 0.011 0.012 0.013 0.019 0.007 0.009 
0.013 0.034 0.009 0.008 0.009 0.008 0.010 0.015 0.012 0.031 0.089 0.200 0.156 0.086 0.004 0.006 0.010 0.010 0.010 0.013 0.015 0.013 0.016 0.025 0.006 0.012 0.015 0.018 0.016 0.022 0.022 0.024 0.020 1.000 0.015 0.003 0.013 0.009 0.012 0.012 0.010 0.016 0.015 0.013 0.033 0.002 0.006 0.008 0.007 0.009 0.010 0.012 0.012 0.018 0.007 0.008 
0.010 0.027 0.007 0.006 0.007 0.006 0.008 0.012 0.007 0.010 0.023 0.072 0.208 0.179 0.004 0.005 0.008 0.008 0.008 0.010 0.012 0.010 0.013 0.020 0.005 0.009 0.012 0.014 0.013 0.018 0.017 0.019 0.016 0.015 1.000 0.002 0.010 0.007 0.010 0.010 0.008 0.013 0.012 0.011 0.027 0.002 0.005 0.006 0.006 0.008 0.008 0.010 0.010 0.015 0.005 0.007 
0.016 0.021 0.051 0.026 0.004 0.001 0.002 0.002 0.001 0.002 0.002 0.001 0.001 0.001 0.001 0.001 0.002 0.002 0.002 0.002 0.002 0.002 0.003 0.004 0.001 0.002 0.002 0.003 0.002 0.003 0.003 0.004 0.003 0.003 0.002 1.000 0.004 0.003 0.004 0.004 0.003 0.003 0.003 0.002 0.006 0.000 0.001 0.001 0.001 0.002 0.002 0.002 0.002 0.003 0.001 0.001 
0.014 0.034 0.045 0.052 0.046 0.021 0.008 0.010 0.006 0.007 0.006 0.003 0.006 0.004 0.003 0.004 0.007 0.007 0.007 0.009 0.010 0.009 0.011 0.017 0.004 0.007 0.009 0.012 0.011 0.015 0.015 0.016 0.013 0.013 0.010 0.004 1.000 0.016 0.018 0.017 0.012 0.016 0.013 0.011 0.024 0.001 0.004 0.005 0.005 0.006 0.007 0.008 0.009 0.013 0.005 0.006 
0.008 0.020 0.024 0.044 0.052 0.047 0.036 0.020 0.006 0.005 0.004 0.002 0.004 0.003 0.002 0.003 0.005 0.005 0.005 0.006 0.007 0.006 0.008 0.012 0.002 0.005 0.006 0.008 0.007 0.010 0.010 0.011 0.009 0.009 0.007 0.003 0.016 1.000 0.019 0.017 0.012 0.013 0.010 0.008 0.017 0.001 0.003 0.004 0.004 0.004 0.005 0.006 0.006 0.009 0.003 0.004 
0.008 0.022 0.012 0.022 0.045 0.055 0.057 0.048 0.028 0.015 0.007 0.003 0.005 0.004 0.003 0.004 0.006 0.006 0.006 0.008 0.009 0.008 0.010 0.015 0.003 0.007 0.009 0.011 0.010 0.014 0.013 0.015 0.012 0.012 0.010 0.004 0.018 0.019 1.000 0.019 0.013 0.016 0.013 0.010 0.022 0.001 0.004 0.005 0.005 0.006 0.007 0.008 0.008 0.011 0.004 0.005 
0.008 0.022 0.007 0.009 0.018 0.038 0.062 0.060 0.044 0.027 0.015 0.005 0.006 0.004 0.003 0.004 0.007 0.006 0.006 0.008 0.010 0.008 0.011 0.016 0.003 0.007 0.009 0.011 0.010 0.014 0.014 0.015 0.013 0.012 0.010 0.004 0.017 0.017 0.019 1.000 0.012 0.015 0.013 0.010 0.023 0.001 0.004 0.005 0.005 0.006 0.007 0.008 0.008 0.012 0.004 0.005 
0.007 0.018 0.005 0.005 0.008 0.015 0.046 0.077 0.065 0.046 0.025 0.010 0.006 0.003 0.002 0.003 0.005 0.005 0.005 0.007 0.008 0.007 0.009 0.013 0.003 0.006 0.007 0.009 0.008 0.011 0.011 0.012 0.010 0.010 0.008 0.003 0.012 0.012 0.013 0.012 1.000 0.012 0.010 0.008 0.018 0.001 0.003 0.004 0.004 0.005 0.006 0.006 0.007 0.010 0.004 0.004 
0.011 0.029 0.008 0.007 0.008 0.008 0.021 0.051 0.086 0.073 0.049 0.024 0.014 0.006 0.004 0.005 0.009 0.008 0.008 0.011 0.013 0.011 0.014 0.021 0.004 0.009 0.012 0.014 0.013 0.018 0.018 0.020 0.017 0.016 0.013 0.003 0.016 0.013 0.016 0.015 0.012 1.000 0.015 0.012 0.029 0.002 0.006 0.007 0.006 0.008 0.009 0.010 0.011 0.016 0.006 0.007 
0.011 0.027 0.007 0.007 0.007 0.006 0.010 0.023 0.045 0.096 0.080 0.051 0.027 0.012 0.004 0.005 0.008 0.008 0.008 0.010 0.012 0.011 0.013 0.020 0.004 0.009 0.011 0.014 0.012 0.017 0.017 0.019 0.016 0.015 0.012 0.003 0.013 0.010 0.013 0.013 0.010 0.015 1.000 0.011 0.027 0.002 0.005 0.006 0.006 0.008 0.008 0.010 0.010 0.015 0.005 0.007 
0.009 0.023 0.006 0.006 0.006 0.005 0.007 0.012 0.015 0.041 0.102 0.083 0.055 0.024 0.003 0.004 0.007 0.007 0.007 0.009 0.010 0.009 0.011 0.017 0.004 0.007 0.009 0.012 0.011 0.015 0.015 0.016 0.014 0.013 0.011 0.002 0.011 0.008 0.010 0.010 0.008 0.012 0.011 1.000 0.023 0.001 0.005 0.006 0.005 0.007 0.007 0.008 0.009 0.013 0.005 0.006 
0.023 0.059 0.016 0.014 0.015 0.013 0.017 0.025 0.016 0.025 0.047 0.112 0.108 0.064 0.008 0.011 0.018 0.017 0.017 0.023 0.026 0.023 0.029 0.043 0.009 0.018 0.024 0.029 0.027 0.038 0.037 0.041 0.034 0.033 0.027 0.006 0.024 0.017 0.022 0.023 0.018 0.029 0.027 0.023 1.000 0.003 0.011 0.014 0.013 0.016 0.018 0.021 0.022 0.032 0.012 0.015 
0.011 0.011 0.030 0.004 0.001 0.001 0.001 0.001 0.001 0.001 0.001 0.000 0.001 0.001 0.000 0.001 0.001 0.001 0.001 0.001 0.001 0.001 0.002 0.002 0.001 0.001 0.001 0.002 0.002 0.002 0.002 0.002 0.002 0.002 0.002 0.000 0.001 0.001 0.001 0.001 0.001 0.002 0.002 0.001 0.003 1.000 0.004 0.012 0.007 0.007 0.005 0.005 0.003 0.003 0.001 0.001 
0.018 0.029 0.060 0.042 0.016 0.004 0.003 0.005 0.003 0.003 0.003 0.002 0.003 0.002 0.001 0.002 0.003 0.003 0.003 0.004 0.005 0.004 0.006 0.008 0.002 0.004 0.005 0.006 0.005 0.007 0.007 0.008 0.007 0.006 0.005 0.001 0.004 0.003 0.004 0.004 0.003 0.006 0.005 0.005 0.011 0.004 1.000 0.009 0.006 0.007 0.006 0.006 0.005 0.007 0.003 0.003 
0.011 0.026 0.047 0.061 0.056 0.034 0.015 0.008 0.004 0.004 0.004 0.002 0.004 0.002 0.002 0.003 0.004 0.004 0.004 0.005 0.006 0.005 0.007 0.010 0.002 0.004 0.006 0.007 0.006 0.009 0.009 0.010 0.008 0.008 0.006 0.001 0.005 0.004 0.005 0.005 0.004 0.007 0.006 0.006 0.014 0.012 0.009 1.000 0.014 0.015 0.012 0.011 0.008 0.010 0.004 0.004 
0.006 0.017 0.023 0.043 0.061 0.057 0.054 0.034 0.013 0.005 0.004 0.002 0.003 0.002 0.002 0.002 0.004 0.004 0.004 0.005 0.006 0.005 0.006 0.010 0.002 0.004 0.005 0.007 0.006 0.008 0.008 0.009 0.008 0.007 0.006 0.001 0.005 0.004 0.005 0.005 0.004 0.006 0.006 0.005 0.013 0.007 0.006 0.014 1.000 0.010 0.008 0.008 0.007 0.008 0.003 0.004 
0.007 0.017 0.010 0.019 0.038 0.057 0.065 0.056 0.035 0.018 0.008 0.003 0.004 0.003 0.002 0.003 0.005 0.005 0.005 0.006 0.007 0.006 0.008 0.012 0.003 0.005 0.007 0.008 0.008 0.011 0.010 0.011 0.010 0.009 0.008 0.002 0.006 0.004 0.006 0.006 0.005 0.008 0.008 0.007 0.016 0.007 0.007 0.015 0.010 1.000 0.010 0.010 0.008 0.010 0.004 0.004 
0.007 0.019 0.006 0.009 0.018 0.037 0.076 0.078 0.059 0.036 0.019 0.006 0.005 0.003 0.002 0.003 0.006 0.005 0.005 0.007 0.008 0.007 0.009 0.013 0.003 0.006 0.007 0.009 0.008 0.012 0.012 0.013 0.011 0.010 0.008 0.002 0.007 0.005 0.007 0.007 0.006 0.009 0.008 0.007 0.018 0.005 0.006 0.012 0.008 0.010 1.000 0.009 0.008 0.011 0.004 0.005 
0.008 0.022 0.006 0.006 0.008 0.014 0.045 0.085 0.080 0.060 0.035 0.015 0.009 0.004 0.003 0.004 0.006 0.006 0.006 0.008 0.010 0.008 0.010 0.016 0.003 0.007 0.009 0.011 0.010 0.014 0.014 0.015 0.012 0.012 0.010 0.002 0.008 0.006 0.008 0.008 0.006 0.010 0.010 0.008 0.021 0.005 0.006 0.011 0.008 0.010 0.009 1.000 0.009 0.012 0.005 0.006 
0.009 0.022 0.006 0.005 0.006 0.006 0.018 0.047 0.089 0.091 0.064 0.032 0.016 0.006 0.003 0.004 0.007 0.006 0.007 0.008 0.010 0.009 0.011 0.016 0.003 0.007 0.009 0.011 0.010 0.014 0.014 0.015 0.013 0.012 0.010 0.002 0.009 0.006 0.008 0.008 0.007 0.011 0.010 0.009 0.022 0.003 0.005 0.008 0.007 0.008 0.008 0.009 1.000 0.012 0.005 0.006 
0.012 0.032 0.009 0.008 0.008 0.007 0.011 0.023 0.042 0.096 0.101 0.064 0.036 0.016 0.004 0.006 0.010 0.009 0.010 0.012 0.014 0.012 0.016 0.024 0.005 0.010 0.013 0.016 0.015 0.021 0.020 0.022 0.019 0.018 0.015 0.003 0.013 0.009 0.011 0.012 0.010 0.016 0.015 0.013 0.032 0.003 0.007 0.010 0.008 0.010 0.011 0.012 0.012 1.000 0.007 0.008 
0.005 0.012 0.003 0.003 0.003 0.003 0.004 0.006 0.011 0.036 0.098 0.109 0.068 0.033 0.002 0.002 0.004 0.003 0.003 0.004 0.005 0.005 0.006 0.009 0.002 0.004 0.005 0.006 0.005 0.007 0.007 0.008 0.007 0.007 0.005 0.001 0.005 0.003 0.004 0.004 0.004 0.006 0.005 0.005 0.012 0.001 0.003 0.004 0.003 0.004 0.004 0.005 0.005 0.007 1.000 0.003 
0.006 0.015 0.004 0.004 0.004 0.003 0.004 0.007 0.005 0.010 0.030 0.094 0.127 0.076 0.002 0.003 0.004 0.004 0.004 0.006 0.007 0.006 0.007 0.011 0.002 0.005 0.006 0.007 0.007 0.010 0.009 0.010 0.009 0.008 0.007 0.001 0.006 0.004 0.005 0.005 0.004 0.007 0.007 0.006 0.015 0.001 0.003 0.004 0.004 0.004 0.005 0.006 0.006 0.008 0.003 1.000 
